 year  h   cd conj  f wk   mon  day  set   Saz    age  Alt Maz  dz  Mag El  mset  lag   best  cat
 2025 Jan  29 17 36   Wed 
                    0 Wed  Jan  29  17 40  249    0 04  -3 245   4 -3.7  4  17 28 -13  17 35  F
                    1 Thur Jan  30  17 41  249   24 05  10 242   7 -4.9 13  18 38  57  18 07  A
 2025 Feb  28 05 45   Fri 
                    0 Fri  Feb  28  18 08  261   12 23   5 259   2 -4.1  7  18 37  29  18 21  F
                    1 Sat  Mar   1  18 09  262   36 24  19 258   4 -5.6 21  19 48  99  18 53  A
 2025 Mar  29 15 58   Sat 
                    0 Sat  Mar  29  18 31  275    2 33   0 276  -1 -3.5  2  18 34   4  18 32  F
                    1 Sun  Mar  30  18 32  275   26 34  14 275   0 -5.1 16  19 48  76  19 06  A
 2025 Apr  28 00 31   Mon 
                    0 Mon  Apr  28  18 54  288   18 23  10 289  -1 -4.7 12  19 52  58  19 20  A
 2025 May  27 08 02   Tues
                    0 Tues May  27  19 15  297   11 13   6 298  -1 -4.3  8  19 57  42  19 34  E
                    1 Wed  May  28  19 16  297   35 14  19 292   5 -5.7 21  21 07 111  20 05  A
 2025 June 25 15 32   Wed 
                    0 Wed  June 25  19 27  299    3 55   3 301  -2 -3.9  5  19 50  23  19 37  F
                    1 Thur June 26  19 27  299   27 55  13 292   7 -5.2 16  20 44  77  20 01  A
 2025 July 25 00 11   Fri 
                    0 Fri  July 25  19 18  294   19 07   7 289   6 -4.5 11  20 00  42  19 37  C
                    1 Sat  July 26  19 18  294   43 07  14 278  16 -5.8 23  20 33  75  19 51  A
 2025 Aug  23 11 07   Sat 
                    0 Sat  Aug  23  18 50  284    7 43   1 282   2 -3.8  4  19 01  11  18 55  F
                    1 Sun  Aug  24  18 48  284   31 41   7 271  13 -5.1 16  19 27  39  19 06  B
 2025 Sept 22 00 54   Mon 
                    0 Mon  Sept 22  18 09  271   17 15   1 263   8 -4.3  8  18 19  10  18 14  F
                    1 Tues Sept 23  18 08  270   41 14   6 252  18 -5.5 19  18 44  36  18 24  B
 2025 Oct  21 17 25   Tues
                    0 Tues Oct  21  17 32  257    0 07  -4 255   2 -3.7  3  17 13 -19  17 23  F
                    1 Wed  Oct  22  17 30  257   24 05   1 246  11 -4.7 12  17 41  11  17 35  F
                    2 Thur Oct  23  17 29  257   48 04   7 236  21 -5.8 22  18 13  44  17 49  A
 2025 Nov  20 11 47   Thur
                    0 Thur Nov  20  17 07  247    5 20  -4 242   5 -3.9  5  16 50 -17  16 59  F
                    1 Fri  Nov  21  17 06  246   29 19   3 233  13 -4.9 14  17 31  25  17 17  F
                    2 Sat  Nov  22  17 06  246   53 19  10 224  22 -6.0 25  18 19  73  17 38  A
 2025 Dec  20 06 43   Sat 
                    0 Sat  Dec  20  17 07  242   10 24  -1 235   7 -4.1  7  17 07   0  17 07  F
                    1 Sun  Dec  21  17 08  242   34 25   8 229  13 -5.2 16  18 05  58  17 33  A
 2026 Jan  19 00 52   Mon 
                    0 Mon  Jan  19  17 30  246   16 38   4 240   6 -4.3  8  18 00  30  17 44  F
                    1 Tues Jan  20  17 31  246   40 39  16 237  10 -5.5 20  19 03  92  18 12  A
 2026 Feb  17 17 01   Tues
                    0 Tues Feb  17  17 58  256    0 57  -2 255   1 -3.4  1  17 55  -4  17 57  F
                    1 Wed  Feb  18  17 59  257   24 58  11 254   3 -4.8 13  18 58  59  18 25  A
 2026 Mar  19 06 23   Thur
                    0 Thur Mar  19  18 23  270   12 00   5 271  -1 -4.1  7  18 53  30  18 36  F
                    1 Fri  Mar  20  18 24  271   36 01  18 270   0 -5.6 20  20 01  97  19 07  A
 2026 Apr  17 16 52   Fri 
                    0 Fri  Apr  17  18 45  283    1 53   0 287  -4 -3.8  4  18 50   5  18 47  F
                    1 Sat  Apr  18  18 46  284   25 54  14 285  -1 -5.1 16  20 04  79  19 21  A
 2026 May  17 01 01   Sun 
                    0 Sun  May  17  19 08  294   18 07  10 295   0 -4.7 12  20 10  63  19 36  A
 2026 June 15 07 54   Mon 
                    0 Mon  June 15  19 25  299   11 31   6 299   0 -4.3  8  20 07  42  19 43  E
                    1 Tues June 16  19 25  299   35 31  17 290  10 -5.7 21  21 06 101  20 10  A
 2026 July 14 14 44   Tues
                    0 Tues July 14  19 24  297    4 40   2 297   0 -3.8  4  19 42  17  19 32  F
                    1 Wed  July 15  19 24  297   28 40  11 286  11 -5.2 17  20 25  61  19 51  A
 2026 Aug  12 22 37   Wed 
                    1 Thur Aug  13  19 02  288   20 25   5 279   9 -4.6 11  19 29  28  19 14  F
                    2 Fri  Aug  14  19 01  288   44 24  11 267  21 -6.0 24  19 59  58  19 26  A
 2026 Sept 11 08 27   Fri 
                    0 Fri  Sept 11  18 25  276    9 58  -1 270   6 -4.0  6  18 25   0  18 25  F
                    1 Sat  Sept 12  18 24  275   33 57   5 259  17 -5.4 18  18 53  29  18 37  C
                    2 Sun  Sept 13  18 22  275   57 55  10 247  28 -6.5 30  19 21  58  18 48  A
 2026 Oct  10 20 50   Sat 
                    1 Sun  Oct  11  17 44  262   20 54   0 251  11 -4.6 11  17 50   6  17 47  F
                    2 Mon  Oct  12  17 43  262   44 53   6 240  21 -5.8 23  18 21  39  18 00  A
 2026 Nov   9 12 02   Mon 
                    0 Mon  Nov   9  17 13  250    5 11  -4 245   5 -4.0  6  16 55 -18  17 05  F
                    1 Tues Nov  10  17 13  250   29 11   3 236  14 -5.0 15  17 34  22  17 22  F
                    2 Wed  Nov  11  17 12  249   53 10  10 227  23 -6.1 25  18 19  67  17 42  A
 2026 Dec   9 05 52   Wed 
                    0 Wed  Dec   9  17 04  243   11 12  -1 236   7 -4.1  7  17 03   0  17 04  F
                    1 Thur Dec  10  17 04  243   35 12   8 229  14 -5.2 16  17 56  53  17 27  B
 2027 Jan   8 01 24   Fri 
                    0 Fri  Jan   8  17 20  244   15 56   3 238   5 -4.2  8  17 45  25  17 31  F
                    1 Sat  Jan   9  17 21  244   39 57  13 234  10 -5.4 18  18 43  82  17 58  A
 2027 Feb   6 20 56   Sat 
                    1 Sun  Feb   7  17 49  252   20 53   8 250   2 -4.4 10  18 33  44  18 08  C
                    2 Mon  Feb   8  17 50  252   44 54  19 248   4 -5.7 21  19 31 101  18 35  A
 2027 Mar   8 14 29   Mon 
                    0 Mon  Mar   8  18 14  265    3 45   0 267  -2 -3.7  3  18 21   7  18 17  F
                    1 Tues Mar   9  18 15  265   27 46  12 266  -1 -4.9 14  19 20  65  18 44  A
 2027 Apr   7 04 51   Wed 
                    0 Wed  Apr   7  18 37  279   13 46   6 282  -3 -4.3  8  19 13  36  18 53  E
                    1 Thur Apr   8  18 38  279   37 47  19 280  -1 -5.6 20  20 20 102  19 23  A
 2027 May   6 15 59   Thur
                    0 Thur May   6  18 59  291    3 00   1 295  -4 -3.9  5  19 12  12  19 05  F
                    1 Fri  May   7  19 00  291   27 01  14 291   0 -5.1 16  20 22  82  19 37  A
 2027 June  5 00 40   Sat 
                    0 Sat  June  5  19 20  298   18 40   9 296   2 -4.6 11  20 19  59  19 46  B
                    1 Sun  June  6  19 21  298   42 41  21 287  11 -6.0 25  21 18 118  20 13  A
 2027 July  4 08 02   Sun 
                    0 Sun  July  4  19 27  299   11 25   4 295   3 -4.1  7  19 57  30  19 40  F
                    1 Mon  July  5  19 27  298   35 25  14 284  14 -5.7 21  20 43  76  20 01  A
 2027 Aug   2 15 05   Mon 
                    0 Mon  Aug   2  19 13  292    4 08   0 290   2 -3.6  2  19 15   2  19 14  F
                    1 Tues Aug   3  19 12  292   28 07   7 278  14 -5.2 17  19 52  40  19 29  B
 2027 Aug  31 22 41   Tues
                    1 Wed  Sept  1  18 39  280   19 58   2 269  11 -4.7 12  18 52  13  18 45  F
                    2 Thur Sept  2  18 38  280   43 57   8 256  24 -6.1 26  19 23  46  18 58  A
 2027 Sept 30 07 36   Thur
                    0 Thur Sept 30  17 59  267   10 23  -2 260   7 -4.2  7  17 51  -8  17 55  F
                    1 Fri  Oct   1  17 58  267   34 22   4 248  19 -5.5 20  18 24  27  18 09  C
                    2 Sat  Oct   2  17 56  266   58 20  11 236  30 -6.7 32  19 01  65  18 25  A
 2027 Oct  29 18 37   Fri 
                    1 Sat  Oct  30  17 22  254   22 45   1 241  13 -4.8 13  17 34  12  17 28  F
                    2 Sun  Oct  31  17 21  254   46 44   9 231  23 -6.0 25  18 19  57  17 47  A
 2027 Nov  28 08 24   Sun 
                    0 Sun  Nov  28  17 04  245    8 40  -2 239   6 -4.0  6  16 59  -5  17 02  F
                    1 Mon  Nov  29  17 04  244   32 40   7 231  14 -5.2 16  17 52  48  17 25  B
 2027 Dec  28 01 12   Tues
                    0 Tues Dec  28  17 11  242   15 59   4 237   6 -4.2  8  17 37  25  17 23  F
                    1 Wed  Dec  29  17 12  242   40 00  13 231  11 -5.4 19  18 36  84  17 49  A
 2028 Jan  26 20 12   Wed 
                    1 Thur Jan  27  17 38  248   21 26   8 246   2 -4.4 10  18 24  46  17 58  C
                    2 Fri  Jan  28  17 39  248   45 27  18 243   5 -5.6 21  19 20 101  18 24  A
 2028 Feb  25 15 37   Fri 
                    0 Fri  Feb  25  18 05  260    2 28   0 262  -3 -3.7  3  18 09   4  18 07  F
                    1 Sat  Feb  26  18 06  260   26 29  11 261  -1 -4.8 13  19 04  58  18 32  A
 2028 Mar  26 09 31   Sun 
                    0 Sun  Mar  26  18 29  274    8 58   3 278  -4 -4.0  6  18 49  20  18 38  F
                    1 Mon  Mar  27  18 30  274   32 59  14 276  -2 -5.2 16  19 47  77  19 04  A
 2028 Apr  25 00 47   Tues
                    0 Tues Apr  25  18 51  287   18 04   8 289  -2 -4.5 10  19 39  48  19 13  C
                    1 Wed  Apr  26  18 52  287   42 05  19 286   2 -5.7 21  20 42 110  19 41  A
 2028 May  24 13 16   Wed 
                    0 Wed  May  24  19 13  296    5 57   3 298  -2 -3.9  5  19 33  20  19 22  F
                    1 Thur May  25  19 14  296   29 58  13 292   4 -5.1 16  20 34  80  19 49  A
 2028 June 22 23 27   Thur
                    1 Fri  June 23  19 27  299   20 00   7 293   6 -4.6 11  20 12  45  19 47  C
                    2 Sat  June 24  19 27  299   44 00  16 283  16 -6.0 24  20 58  91  20 07  A
 2028 July 22 08 02   Sat 
                    0 Sat  July 22  19 20  295   11 18   1 289   6 -4.1  7  19 32  12  19 26  F
                    1 Sun  July 23  19 19  295   35 17   9 278  17 -5.6 20  20 11  51  19 42  A
 2028 Aug  20 15 44   Sun 
                    0 Sun  Aug  20  18 53  285    3 09  -3 282   3 -3.7  4  18 40 -13  18 47  F
                    1 Mon  Aug  21  18 52  285   27 08   4 269  16 -5.2 17  19 15  23  19 02  D
                    2 Tues Aug  22  18 51  284   51 07  11 256  28 -6.6 31  19 49  58  19 16  A
 2028 Sept 18 23 24   Mon 
                    1 Tues Sept 19  18 13  272   18 49   0 260  12 -4.7 12  18 18   4  18 15  F
                    2 Wed  Sept 20  18 12  271   42 48   7 247  24 -6.1 26  18 54  43  18 31  A
 2028 Oct  18 07 57   Wed 
                    0 Wed  Oct  18  17 35  259    9 38  -3 251   7 -4.2  7  17 25 -10  17 30  F
                    1 Thur Oct  19  17 34  258   33 37   5 240  19 -5.6 20  18 09  35  17 49  B
 2028 Nov  16 18 18   Thur
                    1 Fri  Nov  17  17 08  247   22 50   4 236  12 -4.8 13  17 37  29  17 21  F
                    2 Sat  Nov  18  17 08  247   46 50  13 226  21 -6.1 26  18 35  88  17 47  A
 2028 Dec  16 07 06   Sat 
                    0 Sat  Dec  16  17 06  242   10 00   1 238   4 -3.9  5  17 19  14  17 12  F
                    1 Sun  Dec  17  17 06  242   34 00  12 231  11 -5.3 18  18 22  76  17 40  A
 2029 Jan  14 22 24   Sun 
                    1 Mon  Jan  15  17 27  245   19 03   7 243   2 -4.4 10  18 12  45  17 47  C
                    2 Tues Jan  16  17 28  245   43 04  18 239   6 -5.7 21  19 12 105  18 14  A
 2029 Feb  13 15 31   Tues
                    0 Tues Feb  13  17 55  255    2 24   0 258  -3 -3.7  4  18 00   5  17 57  F
                    1 Wed  Feb  14  17 56  255   26 25  11 256  -1 -4.8 13  18 57  61  18 23  A
 2029 Mar  15 09 19   Thur
                    0 Thur Mar  15  18 20  268    9 01   3 272  -4 -4.1  6  18 40  20  18 29  F
                    1 Fri  Mar  16  18 21  269   33 02  14 271  -2 -5.1 16  19 35  74  18 54  A
 2029 Apr  14 02 40   Sat 
                    0 Sat  Apr  14  18 43  282   16 03   6 285  -3 -4.3  9  19 21  38  19 00  E
                    1 Sun  Apr  15  18 44  283   40 04  17 282   0 -5.4 19  20 17  94  19 25  A
 2029 May  13 18 42   Sun 
                    0 Sun  May  13  19 05  293    0 23   0 296  -3 -3.7  3  19 08   3  19 06  F
                    1 Mon  May  14  19 06  293   24 24  10 292   2 -4.7 12  20 04  58  19 32  B
 2029 June 12 08 50   Tues
                    0 Tues June 12  19 24  299   10 34   3 297   2 -3.9  5  19 45  21  19 33  F
                    1 Wed  June 13  19 24  299   34 34  12 289  10 -5.2 17  20 32  68  19 54  A
 2029 July 11 20 51   Wed 
                    1 Thur July 12  19 25  297   22 34   5 287  10 -4.7 12  19 53  28  19 38  F
                    2 Fri  July 13  19 25  297   46 34  12 277  20 -6.0 25  20 30  66  19 54  A
 2029 Aug  10 06 56   Fri 
                    0 Fri  Aug  10  19 04  289   12 08  -1 281   8 -4.2  8  19 03  -1  19 04  F
                    1 Sat  Aug  11  19 03  289   36 07   6 270  19 -5.6 21  19 38  34  19 19  B
 2029 Sept  8 15 44   Sat 
                    0 Sat  Sept  8  18 29  277    2 45  -5 273   4 -3.9  5  18 08 -21  18 20  F
                    1 Sun  Sept  9  18 27  277   26 43   2 261  16 -5.2 16  18 43  16  18 34  F
                    2 Mon  Sept 10  18 26  276   50 42  10 248  28 -6.5 30  19 20  54  18 50  A
 2029 Oct   8 00 14   Mon 
                    0 Mon  Oct   8  17 48  263   17 34   0 252  11 -4.6 11  17 53   5  17 50  F
                    1 Tues Oct   9  17 46  263   41 32   8 240  23 -6.0 25  18 37  51  18 09  A
 2029 Nov   6 09 24   Tues
                    0 Tues Nov   6  17 16  251    7 52  -1 245   6 -4.0  6  17 12  -4  17 14  F
                    1 Wed  Nov   7  17 15  251   31 51   8 234  16 -5.5 19  18 07  52  17 38  A
 2029 Dec   5 19 52   Wed 
                    1 Thur Dec   6  17 04  243   21 12   7 235   8 -4.7 12  17 51  47  17 25  B
                    2 Fri  Dec   7  17 04  243   45 12  18 226  17 -6.1 26  18 59 115  17 55  A
 2030 Jan   4 07 49   Fri 
                    0 Fri  Jan   4  17 17  243    9 28   4 242   1 -4.0  6  17 43  26  17 28  F
                    1 Sat  Jan   5  17 18  243   33 29  16 237   6 -5.4 19  18 50  93  17 59  A
 2030 Feb   2 21 07   Sat 
                    1 Sun  Feb   3  17 45  251   20 38  10 252  -1 -4.7 12  18 40  55  18 09  B
                    2 Mon  Feb   4  17 46  251   44 39  22 249   2 -5.9 23  19 41 115  18 37  A
 2030 Mar   4 11 35   Mon 
                    0 Mon  Mar   4  18 11  263    6 36   2 267  -4 -4.0  6  18 27  16  18 18  F
                    1 Tues Mar   5  18 12  263   30 37  14 266  -2 -5.1 16  19 26  73  18 45  A
 2030 Apr   3 03 02   Wed 
                    0 Wed  Apr   3  18 34  277   15 32   6 280  -3 -4.3  8  19 10  36  18 50  E
                    1 Thur Apr   4  18 35  278   39 33  17 278   0 -5.4 19  20 07  91  19 16  A
 2030 May   2 19 12   Thur
                    1 Fri  May   3  18 57  290   23 45   9 288   1 -4.6 11  19 51  53  19 21  B
 2030 June  1 11 21   Sat 
                    0 Sat  June  1  19 18  298    7 57   1 296   2 -3.7  4  19 31  13  19 24  F
                    1 Sun  June  2  19 19  298   31 58  10 290   8 -5.0 15  20 19  60  19 45  A
 2030 July  1 02 34   Mon 
                    0 Mon  July  1  19 27  299   16 53   2 291   7 -4.3  8  19 44  17  19 35  F
                    1 Tues July  2  19 27  299   40 53  10 283  16 -5.5 20  20 22  55  19 52  A
 2030 July 30 16 11   Tues
                    0 Tues July 30  19 15  293    3 04  -4 289   4 -3.8  4  18 58 -17  19 07  F
                    1 Wed  July 31  19 14  293   27 03   3 279  13 -4.9 14  19 32  18  19 22  F
                    2 Thur Aug   1  19 13  292   51 02  10 269  23 -6.1 26  20 05  52  19 36  A
 2030 Aug  29 04 07   Thur
                    0 Thur Aug  29  18 42  282   14 35  -2 273   9 -4.4  9  18 38  -4  18 40  F
                    1 Fri  Aug  30  18 41  281   38 34   5 262  20 -5.6 21  19 11  30  18 54  B
 2030 Sept 27 14 55   Fri 
                    0 Fri  Sept 27  18 03  268    3 08  -5 265   4 -3.9  5  17 44 -19  17 54  F
                    1 Sat  Sept 28  18 01  268   27 06   3 253  15 -5.1 15  18 21  20  18 10  F
                    2 Sun  Sept 29  18 00  267   51 05  11 242  26 -6.4 29  19 03  63  18 28  A
 2030 Oct  27 01 17   Sun 
                    0 Sun  Oct  27  17 25  255   16 08   2 246   9 -4.4 10  17 40  14  17 32  F
                    1 Mon  Oct  28  17 24  255   40 07  11 235  20 -5.9 23  18 31  67  17 54  A
 2030 Nov  25 11 46   Mon 
                    0 Mon  Nov  25  17 05  245    5 19   0 243   2 -3.7  3  17 11   6  17 08  F
                    1 Tues Nov  26  17 05  245   29 19  11 233  12 -5.3 17  18 14  69  17 35  A
 2030 Dec  24 22 32   Tues
                    1 Wed  Dec  25  17 10  242   18 38   9 238   4 -4.6 11  18 06  56  17 35  B
                    2 Thur Dec  26  17 10  242   42 38  21 231  11 -6.1 25  19 17 127  18 07  A
 2031 Jan  23 09 31   Thur
                    0 Thur Jan  23  17 34  247    8 03   4 249  -2 -4.1  6  18 01  27  17 46  F
                    1 Fri  Jan  24  17 35  247   32 04  17 245   2 -5.5 19  19 10  95  18 17  A
 2031 Feb  21 20 49   Fri 
                    1 Sat  Feb  22  18 03  258   21 14  11 261  -2 -4.8 13  19 01  58  18 28  A
 2031 Mar  23 08 49   Sun 
                    0 Sun  Mar  23  18 26  272    9 37   4 275  -3 -4.1  6  18 50  24  18 37  F
                    1 Mon  Mar  24  18 27  272   33 38  16 272   0 -5.3 18  19 51  84  19 04  A
 2031 Apr  21 21 57   Mon 
                    1 Tues Apr  22  18 49  285   20 52   8 284   1 -4.5 10  19 37  48  19 10  B
                    2 Wed  Apr  23  18 49  286   44 52  19 280   6 -5.7 22  20 34 104  19 36  A
 2031 May  21 12 17   Wed 
                    0 Wed  May  21  19 11  295    6 54   1 293   2 -3.7  3  19 20  10  19 15  F
                    1 Thur May  22  19 11  295   30 54  11 288   8 -5.0 14  20 12  61  19 38  A
 2031 June 20 03 25   Fri 
                    0 Fri  June 20  19 26  299   16 01   2 292   7 -4.2  8  19 42  16  19 33  F
                    1 Sat  June 21  19 26  299   40 01  10 285  14 -5.4 19  20 23  56  19 51  A
 2031 July 19 18 40   Sat 
                    0 Sat  July 19  19 22  296    0 42  -5 293   3 -3.8  4  19 01 -21  19 13  F
                    1 Sun  July 20  19 22  296   24 42   2 284  12 -4.7 12  19 37  15  19 28  F
                    2 Mon  July 21  19 21  295   48 41   9 275  20 -5.8 23  20 10  49  19 43  A
 2031 Aug  18 09 32   Mon 
                    0 Mon  Aug  18  18 56  286    9 24  -3 280   6 -4.1  7  18 44 -12  18 51  F
                    1 Tues Aug  19  18 55  286   33 23   3 270  16 -5.2 16  19 15  20  19 04  F
                    2 Wed  Aug  20  18 54  286   57 22  10 261  25 -6.3 27  19 47  53  19 17  A
 2031 Sept 16 23 47   Tues
                    1 Wed  Sept 17  18 17  273   18 30   0 264  10 -4.5 10  18 21   4  18 19  F
                    2 Thur Sept 18  18 16  273   42 29   7 253  19 -5.7 21  18 55  40  18 33  A
 2031 Oct  16 13 21   Thur
                    0 Thur Oct  16  17 38  260    4 17  -2 257   3 -3.6  3  17 30  -8  17 35  F
                    1 Fri  Oct  17  17 37  259   28 16   6 247  13 -5.0 15  18 11  34  17 52  C
                    2 Sat  Oct  18  17 36  259   52 15  14 236  23 -6.3 27  18 57  81  18 12  A
 2031 Nov  15 02 10   Sat 
                    0 Sat  Nov  15  17 10  248   15 00   4 243   6 -4.3  8  17 38  28  17 22  F
                    1 Sun  Nov  16  17 09  248   38 59  14 233  15 -5.7 22  18 34  85  17 47  A
 2031 Dec  14 14 06   Sun 
                    0 Sun  Dec  14  17 05  242    2 59   1 244  -1 -3.7  3  17 17  13  17 10  F
                    1 Mon  Dec  15  17 05  242   26 59  13 235   7 -5.2 16  18 23  78  17 40  A
 2032 Jan  13 01 07   Tues
                    0 Tues Jan  13  17 24  244   16 17   9 244   0 -4.6 11  18 18  54  17 48  B
                    1 Wed  Jan  14  17 25  245   40 18  22 238   6 -6.0 24  19 29 124  18 20  A
 2032 Feb  11 11 24   Wed 
                    0 Wed  Feb  11  17 52  254    6 28   3 257  -4 -4.0  6  18 13  21  18 01  F
                    1 Thur Feb  12  17 53  254   30 29  17 253   1 -5.4 19  19 23  90  18 33  A
 2032 Mar  11 21 25   Thur
                    1 Fri  Mar  12  18 18  267   20 53  11 268  -1 -4.7 12  19 15  57  18 44  A
 2032 Apr  10 07 39   Sat 
                    0 Sat  Apr  10  18 40  281   11 01   4 280   0 -4.0  6  19 07  27  18 52  F
                    1 Sun  Apr  11  18 41  281   35 02  17 277   4 -5.5 19  20 11  90  19 21  A
 2032 May   9 18 36   Sun 
                    0 Sun  May   9  19 02  292    0 26  -2 291   1 -3.4  1  18 57  -6  19 00  F
                    1 Mon  May  10  19 03  292   24 27   9 286   6 -4.8 13  19 56  53  19 27  B
 2032 June  8 06 32   Tues
                    0 Tues June  8  19 22  299   12 50   2 292   6 -4.2  7  19 35  13  19 28  F
                    1 Wed  June  9  19 23  299   36 51  11 285  14 -5.4 18  20 23  60  19 49  A
 2032 July  7 19 41   Wed 
                    1 Thur July  8  19 26  298   23 45   3 287  11 -4.7 12  19 44  18  19 34  F
                    2 Fri  July  9  19 26  298   47 45  10 278  19 -5.8 23  20 21  55  19 50  A
 2032 Aug   6 10 11   Fri 
                    0 Fri  Aug   6  19 08  291    8 57  -3 284   6 -4.0  6  18 57 -12  19 03  F
                    1 Sat  Aug   7  19 07  290   32 56   4 275  15 -5.1 16  19 29  22  19 17  F
                    2 Sun  Aug   8  19 06  290   56 55  10 266  23 -6.2 26  20 01  54  19 30  A
 2032 Sept  5 01 57   Sun 
                    0 Sun  Sept  5  18 32  278   16 35   0 270   8 -4.3  8  18 35   2  18 33  F
                    1 Mon  Sept  6  18 31  278   40 34   6 261  17 -5.4 19  19 06  35  18 47  B
 2032 Oct   4 18 26   Mon 
                    1 Tues Oct   5  17 51  264   23 25   4 255   9 -4.6 11  18 14  23  18 01  F
                    2 Wed  Oct   6  17 50  264   47 24  11 245  19 -5.8 22  18 50  61  18 17  A
 2032 Nov   3 10 45   Wed 
                    0 Wed  Nov   3  17 18  252    6 33   1 250   2 -3.7  3  17 29  11  17 23  F
                    1 Thur Nov   4  17 17  252   30 32   9 241  11 -5.1 15  18 12  55  17 41  A
 2032 Dec   3 01 53   Fri 
                    0 Fri  Dec   3  17 03  244   15 10   7 241   3 -4.3  9  17 45  42  17 22  D
                    1 Sat  Dec   4  17 03  243   39 10  16 232  11 -5.7 21  18 42  99  17 47  A
 2033 Jan   1 15 17   Sat 
                    0 Sat  Jan   1  17 15  243    1 58   2 246  -4 -3.9  5  17 28  14  17 21  F
                    1 Sun  Jan   2  17 16  243   25 59  13 239   3 -5.1 15  18 33  78  17 50  A
 2033 Jan  31 03 00   Mon 
                    0 Mon  Jan  31  17 42  250   14 42   8 251  -1 -4.4 10  18 27  45  18 02  C
                    1 Tues Feb   1  17 43  250   38 43  21 246   4 -5.9 23  19 37 113  18 34  A
 2033 Mar   1 13 23   Tues
                    0 Tues Mar   1  18 09  262    4 46   2 264  -3 -3.8  4  18 21  12  18 14  F
                    1 Wed  Mar   2  18 10  262   28 47  15 261   1 -5.3 17  19 31  82  18 46  A
 2033 Mar  30 22 52   Wed 
                    1 Thur Mar  31  18 32  276   19 40  10 273   2 -4.7 12  19 25  53  18 56  B
                    2 Fri  Apr   1  18 33  276   43 41  23 270   7 -6.1 26  20 34 121  19 27  A
 2033 Apr  29 07 46   Fri 
                    0 Fri  Apr  29  18 54  288   11 08   4 284   4 -4.1  7  19 18  23  19 05  F
                    1 Sat  Apr  30  18 55  289   35 09  16 279   9 -5.6 20  20 24  89  19 35  A
 2033 May  28 16 36   Sat 
                    0 Sat  May  28  19 16  297    2 40  -2 293   4 -3.8  4  19 08  -8  19 12  F
                    1 Sun  May  29  19 16  297   26 40   9 286  11 -5.1 15  20 07  51  19 39  B
 2033 June 27 02 07   Mon 
                    0 Mon  June 27  19 27  299   17 20   2 289  10 -4.5 10  19 41  14  19 33  F
                    1 Tues June 28  19 27  299   41 20  11 281  18 -5.7 22  20 27  59  19 54  A
 2033 July 26 13 12   Tues
                    0 Tues July 26  19 18  294    6 06  -3 289   5 -4.0  6  19 04 -14  19 12  F
                    1 Wed  July 27  19 17  294   30 05   4 280  14 -5.1 15  19 43  26  19 28  E
                    2 Thur July 28  19 16  293   54 04  12 271  23 -6.2 26  20 18  62  19 44  A
 2033 Aug  25 02 40   Thur
                    0 Thur Aug  25  18 47  283   16 07   0 275   8 -4.2  8  18 52   5  18 49  F
                    1 Fri  Aug  26  18 46  283   40 06   7 266  16 -5.4 19  19 25  39  19 03  B
 2033 Sept 23 18 40   Fri 
                    1 Sat  Sept 24  18 06  270   23 26   4 261   9 -4.5 11  18 30  24  18 17  F
                    2 Sun  Sept 25  18 05  269   47 25  11 252  18 -5.7 21  19 03  58  18 31  A
 2033 Oct  23 12 28   Sun 
                    0 Sun  Oct  23  17 29  257    5 01   1 256   1 -3.6  3  17 39  10  17 33  F
                    1 Mon  Oct  24  17 28  256   29 00   8 247   9 -4.9 13  18 15  47  17 49  B
 2033 Nov  22 06 39   Tues
                    0 Tues Nov  22  17 06  246   10 27   5 245   1 -4.1  6  17 35  29  17 19  F
                    1 Wed  Nov  23  17 05  246   34 26  13 237   9 -5.2 17  18 21  75  17 39  A
 2033 Dec  21 23 46   Wed 
                    1 Thur Dec  22  17 08  242   17 22   8 241   1 -4.5 10  17 58  49  17 30  C
                    2 Fri  Dec  23  17 09  242   41 23  18 234   8 -5.7 21  18 54 106  17 56  A
 2034 Jan  20 15 01   Fri 
                    0 Fri  Jan  20  17 31  246    2 30   1 250  -4 -3.8  5  17 42  11  17 36  F
                    1 Sat  Jan  21  17 32  247   26 31  13 245   2 -5.0 14  18 44  72  18 04  A
 2034 Feb  19 04 10   Sun 
                    0 Sun  Feb  19  18 00  257   13 50   6 257   0 -4.2  8  18 36  36  18 16  E
                    1 Mon  Feb  20  18 01  258   37 51  19 253   4 -5.7 21  19 42 101  18 46  A
 2034 Mar  20 15 14   Mon 
                    0 Mon  Mar  20  18 24  271    3 10   0 270   0 -3.5  2  18 28   4  18 26  F
                    1 Tues Mar  21  18 25  271   27 11  13 267   4 -5.1 16  19 37  72  18 57  A
 2034 Apr  19 00 26   Wed 
                    0 Wed  Apr  19  18 47  284   18 21   8 278   6 -4.6 11  19 32  45  19 07  B
                    1 Thur Apr  20  18 47  285   42 21  21 274  11 -6.1 25  20 41 114  19 38  A
 2034 May  18 08 12   Thur
                    0 Thur May  18  19 09  294   10 57   2 288   7 -4.2  8  19 25  17  19 16  F
                    1 Fri  May  19  19 09  295   34 57  15 281  13 -5.7 21  20 31  82  19 46  A
 2034 June 16 15 26   Fri 
                    0 Fri  June 16  19 25  299    3 59  -3 294   5 -3.9  6  19 14 -11  19 20  F
                    1 Sat  June 17  19 25  299   27 59   8 286  14 -5.2 17  20 13  47  19 46  B
 2034 July 15 23 15   Sat 
                    1 Sun  July 16  19 24  297   20 09   3 286  11 -4.7 12  19 42  19  19 32  F
                    2 Mon  July 17  19 23  296   44 08  12 276  20 -6.0 24  20 27  64  19 51  A
 2034 Aug  14 08 53   Mon 
                    0 Mon  Aug  14  19 00  288   10 07  -1 282   6 -4.0  6  19 01   1  19 01  F
                    1 Tues Aug  15  18 59  287   34 06   7 272  15 -5.3 17  19 40  40  19 17  B
 2034 Sept 12 21 14   Tues
                    1 Wed  Sept 13  18 22  275   21 08   4 267   8 -4.5 10  18 48  25  18 33  F
                    2 Thur Sept 14  18 21  274   45 07  11 257  17 -5.7 22  19 21  61  18 48  A
 2034 Oct  12 12 33   Thur
                    0 Thur Oct  12  17 43  261    5 10   2 261   1 -3.7  3  17 55  12  17 48  F
                    1 Fri  Oct  13  17 41  261   29 08   9 252   9 -4.9 14  18 29  48  18 03  B
 2034 Nov  11 06 16   Sat 
                    0 Sat  Nov  11  17 12  249   10 56   5 248   1 -4.1  7  17 42  30  17 25  F
                    1 Sun  Nov  12  17 11  249   34 55  12 240   9 -5.2 17  18 21  70  17 42  A
 2034 Dec  11 01 14   Mon 
                    0 Mon  Dec  11  17 04  243   15 50   7 242   1 -4.3  9  17 47  43  17 23  D
                    1 Tues Dec  12  17 04  242   39 50  15 234   8 -5.4 19  18 35  91  17 45  A
 2035 Jan   9 20 03   Tues
                    1 Wed  Jan  10  17 22  244   21 19   9 242   1 -4.6 11  18 14  53  17 45  B
                    2 Thur Jan  11  17 23  244   45 20  19 236   8 -5.7 22  19 10 107  18 10  A
 2035 Feb   8 13 22   Thur
                    0 Thur Feb   8  17 50  253    4 28   1 254  -1 -3.6  3  17 59   9  17 54  F
                    1 Fri  Feb   9  17 51  253   28 29  12 250   3 -4.9 14  18 57  67  18 20  A
 2035 Mar  10 04 09   Sat 
                    0 Sat  Mar  10  18 16  266   14 07   5 263   3 -4.2  7  18 47  31  18 30  F
                    1 Sun  Mar  11  18 17  266   38 08  18 260   6 -5.6 20  19 50  93  18 58  A
 2035 Apr   8 15 58   Sun 
                    0 Sun  Apr   8  18 38  279    2 40  -1 276   3 -3.7  3  18 37  -1  18 38  F
                    1 Mon  Apr   9  18 39  280   26 41  12 273   7 -5.1 16  19 44  65  19 08  A
 2035 May   8 01 04   Tues
                    0 Tues May   8  19 01  291   17 57   6 283   8 -4.7 12  19 39  38  19 18  C
                    1 Wed  May   9  19 02  292   41 58  19 278  14 -6.1 25  20 47 105  19 48  A
 2035 June  6 08 21   Wed 
                    0 Wed  June  6  19 21  298   11 00   1 291   8 -4.3  8  19 32  11  19 26  F
                    1 Thur June  7  19 21  298   35 00  13 283  15 -5.7 21  20 36  75  19 54  A
 2035 July  5 14 59   Thur
                    0 Thur July  5  19 27  298    4 28  -3 294   5 -3.9  5  19 17 -10  19 23  F
                    1 Fri  July  6  19 27  298   28 28   8 284  14 -5.3 17  20 14  47  19 48  A
 2035 Aug   3 22 12   Fri 
                    1 Sat  Aug   4  19 11  291   20 59   5 281  10 -4.7 12  19 39  28  19 23  F
                    2 Sun  Aug   5  19 10  291   44 58  14 271  20 -6.1 25  20 22  72  19 42  A
 2035 Sept  2 06 59   Sun 
                    0 Sun  Sept  2  18 37  280   11 38   3 275   5 -4.1  6  18 54  17  18 45  F
                    1 Mon  Sept  3  18 36  280   35 37  11 265  15 -5.5 19  19 32  56  19 01  A
 2035 Oct   1 18 07   Mon 
                    1 Tues Oct   2  17 56  266   23 49   8 258   8 -4.8 13  18 40  44  18 16  B
 2035 Oct  31 07 59   Wed 
                    0 Wed  Oct  31  17 21  253    9 22   5 253   1 -4.1  7  17 50  28  17 34  F
                    1 Thur Nov   1  17 20  253   33 21  12 243  10 -5.2 17  18 28  67  17 50  A
 2035 Nov  30 00 37   Fri 
                    0 Fri  Nov  30  17 04  244   16 27   7 242   2 -4.4  9  17 47  43  17 23  D
                    1 Sat  Dec   1  17 04  244   40 27  15 234  10 -5.5 19  18 31  87  17 42  A
 2035 Dec  29 19 31   Sat 
                    1 Sun  Dec  30  17 13  242   21 42   8 240   3 -4.5 10  18 03  50  17 35  C
                    2 Mon  Dec  31  17 14  242   45 43  17 233   9 -5.6 21  18 54 101  17 58  A
 2036 Jan  28 15 17   Mon 
                    0 Mon  Jan  28  17 39  248    2 22   0 250  -1 -3.5  2  17 42   3  17 40  F
                    1 Tues Jan  29  17 40  249   26 23  10 245   4 -4.7 12  18 36  56  18 04  B

