 year  h   cd conj  f wk   mon  day  set   Saz    age  Alt Maz  dz  Mag El  mset  lag   best  cat
 2025 Jan  29 17 36   Wed 
                    0 Wed  Jan  29  17 37  249    0 01  -3 245   4 -3.7  4  17 24 -13  17 31  F
                    1 Thur Jan  30  17 38  249   24 02   9 242   7 -4.9 13  18 35  57  18 04  A
 2025 Feb  28 05 45   Fri 
                    0 Fri  Feb  28  18 07  261   12 22   5 259   3 -4.1  7  18 36  29  18 20  F
                    1 Sat  Mar   1  18 07  262   36 22  19 257   4 -5.6 21  19 48 100  18 52  A
 2025 Mar  29 15 58   Sat 
                    0 Sat  Mar  29  18 31  275    2 33   0 276  -1 -3.5  2  18 35   4  18 33  F
                    1 Sun  Mar  30  18 32  275   26 34  14 275   1 -5.1 16  19 49  78  19 06  A
 2025 Apr  28 00 31   Mon 
                    0 Mon  Apr  28  18 55  288   18 24  10 289  -1 -4.7 12  19 55  60  19 22  A
 2025 May  27 08 02   Tues
                    0 Tues May  27  19 18  297   11 16   6 298  -1 -4.3  8  20 01  43  19 37  E
                    1 Wed  May  28  19 19  297   35 17  19 292   6 -5.7 21  21 11 113  20 09  A
 2025 June 25 15 32   Wed 
                    0 Wed  June 25  19 30  300    3 58   3 302  -2 -3.9  5  19 54  24  19 41  F
                    1 Thur June 26  19 30  300   27 58  13 292   7 -5.2 16  20 48  78  20 05  A
 2025 July 25 00 11   Fri 
                    0 Fri  July 25  19 21  295   19 10   7 289   6 -4.5 11  20 03  42  19 39  C
                    1 Sat  July 26  19 20  294   43 09  14 278  17 -5.8 23  20 34  74  19 53  A
 2025 Aug  23 11 07   Sat 
                    0 Sat  Aug  23  18 51  284    7 44   1 282   3 -3.8  4  19 02  11  18 56  F
                    1 Sun  Aug  24  18 50  284   31 43   7 271  13 -5.1 16  19 28  38  19 07  B
 2025 Sept 22 00 54   Mon 
                    0 Mon  Sept 22  18 09  271   17 15   1 263   8 -4.3  8  18 18   9  18 13  F
                    1 Tues Sept 23  18 07  270   41 13   6 252  18 -5.5 19  18 42  34  18 23  B
 2025 Oct  21 17 25   Tues
                    0 Tues Oct  21  17 30  257    0 05  -5 255   2 -3.7  3  17 10 -19  17 21  F
                    1 Wed  Oct  22  17 28  257   24 03   1 245  11 -4.7 12  17 38   9  17 33  F
                    2 Thur Oct  23  17 27  256   48 02   6 236  21 -5.8 22  18 09  41  17 46  A
 2025 Nov  20 11 47   Thur
                    0 Thur Nov  20  17 03  246    5 16  -4 241   5 -3.9  5  16 45 -18  16 55  F
                    1 Fri  Nov  21  17 03  246   29 16   3 233  13 -4.9 14  17 26  23  17 13  F
                    2 Sat  Nov  22  17 02  246   53 15  10 224  22 -6.0 25  18 14  71  17 34  A
 2025 Dec  20 06 43   Sat 
                    0 Sat  Dec  20  17 03  242   10 20  -1 235   7 -4.1  7  17 02  -1  17 03  F
                    1 Sun  Dec  21  17 04  242   34 21   8 228  13 -5.2 16  18 00  57  17 29  A
 2026 Jan  19 00 52   Mon 
                    0 Mon  Jan  19  17 27  246   16 35   4 240   6 -4.3  8  17 56  29  17 40  F
                    1 Tues Jan  20  17 28  246   40 36  15 236  10 -5.5 20  19 00  92  18 09  A
 2026 Feb  17 17 01   Tues
                    0 Tues Feb  17  17 56  256    0 55  -2 255   1 -3.4  1  17 52  -4  17 54  F
                    1 Wed  Feb  18  17 57  256   24 56  11 253   3 -4.8 13  18 57  60  18 24  A
 2026 Mar  19 06 23   Thur
                    0 Thur Mar  19  18 23  270   12 00   5 271  -1 -4.1  7  18 53  30  18 36  F
                    1 Fri  Mar  20  18 23  271   36 00  18 270   1 -5.6 20  20 02  99  19 07  A
 2026 Apr  17 16 52   Fri 
                    0 Fri  Apr  17  18 46  284    1 54   0 287  -4 -3.8  4  18 52   6  18 49  F
                    1 Sat  Apr  18  18 47  284   25 55  14 285  -1 -5.1 16  20 07  80  19 23  A
 2026 May  17 01 01   Sun 
                    0 Sun  May  17  19 10  295   18 09  10 295   0 -4.7 12  20 14  64  19 39  A
 2026 June 15 07 54   Mon 
                    0 Mon  June 15  19 28  300   11 34   6 299   1 -4.3  8  20 11  43  19 47  E
                    1 Tues June 16  19 28  300   35 34  17 290  10 -5.7 21  21 09 101  20 13  A
 2026 July 14 14 44   Tues
                    0 Tues July 14  19 27  297    4 43   2 297   0 -3.8  4  19 45  18  19 35  F
                    1 Wed  July 15  19 27  297   28 43  11 286  11 -5.2 17  20 28  61  19 54  A
 2026 Aug  12 22 37   Wed 
                    1 Thur Aug  13  19 03  289   20 26   4 279  10 -4.6 11  19 30  27  19 15  F
                    2 Fri  Aug  14  19 02  288   44 25  11 267  21 -6.0 24  19 59  57  19 27  A
 2026 Sept 11 08 27   Fri 
                    0 Fri  Sept 11  18 25  276    9 58  -1 270   6 -4.0  6  18 25   0  18 25  F
                    1 Sat  Sept 12  18 24  276   33 57   5 259  17 -5.4 18  18 51  28  18 36  C
                    2 Sun  Sept 13  18 22  275   57 55  10 247  28 -6.5 30  19 18  56  18 47  A
 2026 Oct  10 20 50   Sat 
                    1 Sun  Oct  11  17 43  262   20 53   0 251  11 -4.6 11  17 47   4  17 45  F
                    2 Mon  Oct  12  17 41  261   44 51   6 240  21 -5.8 23  18 18  37  17 58  A
 2026 Nov   9 12 02   Mon 
                    0 Mon  Nov   9  17 11  250    5 09  -4 245   5 -3.9  6  16 51 -19  17 02  F
                    1 Tues Nov  10  17 10  249   29 08   2 235  14 -5.0 15  17 30  20  17 19  F
                    2 Wed  Nov  11  17 09  249   53 07   9 226  23 -6.1 25  18 14  65  17 38  A
 2026 Dec   9 05 52   Wed 
                    0 Wed  Dec   9  17 00  242   11 08  -1 236   7 -4.1  7  16 58  -2  16 59  F
                    1 Thur Dec  10  17 00  242   35 08   7 228  14 -5.2 16  17 51  51  17 23  B
 2027 Jan   8 01 24   Fri 
                    0 Fri  Jan   8  17 16  243   15 52   3 238   6 -4.2  7  17 40  24  17 27  F
                    1 Sat  Jan   9  17 17  243   39 53  13 233  10 -5.4 18  18 40  83  17 54  A
 2027 Feb   6 20 56   Sat 
                    1 Sun  Feb   7  17 46  252   20 50   8 249   2 -4.4 10  18 31  45  18 06  C
                    2 Mon  Feb   8  17 47  252   44 51  19 247   5 -5.6 21  19 29 102  18 33  A
 2027 Mar   8 14 29   Mon 
                    0 Mon  Mar   8  18 13  265    3 44   1 267  -2 -3.7  3  18 20   7  18 16  F
                    1 Tues Mar   9  18 14  265   27 45  12 266  -1 -4.9 14  19 20  66  18 44  A
 2027 Apr   7 04 51   Wed 
                    0 Wed  Apr   7  18 38  279   13 47   6 282  -3 -4.3  8  19 15  37  18 54  E
                    1 Thur Apr   8  18 39  279   37 48  19 280   0 -5.6 20  20 22 104  19 25  A
 2027 May   6 15 59   Thur
                    0 Thur May   6  19 01  291    3 02   1 295  -4 -3.9  5  19 15  13  19 07  F
                    1 Fri  May   7  19 02  291   27 03  14 291   1 -5.1 16  20 26  84  19 40  A
 2027 June  5 00 40   Sat 
                    0 Sat  June  5  19 23  299   18 43   9 296   3 -4.6 11  20 23  60  19 50  B
                    1 Sun  June  6  19 24  299   42 44  20 287  12 -6.0 25  21 22 118  20 16  A
 2027 July  4 08 02   Sun 
                    0 Sun  July  4  19 30  299   11 28   4 296   3 -4.1  7  20 00  30  19 44  F
                    1 Mon  July  5  19 30  299   35 28  13 284  15 -5.7 21  20 46  76  20 04  A
 2027 Aug   2 15 05   Mon 
                    0 Mon  Aug   2  19 15  292    4 10   0 290   2 -3.6  2  19 17   2  19 16  F
                    1 Tues Aug   3  19 14  292   28 09   7 278  14 -5.2 17  19 53  39  19 31  B
 2027 Aug  31 22 41   Tues
                    1 Wed  Sept  1  18 40  281   19 59   2 269  12 -4.7 12  18 51  12  18 45  F
                    2 Thur Sept  2  18 38  280   43 57   8 256  24 -6.1 26  19 22  43  18 58  A
 2027 Sept 30 07 36   Thur
                    0 Thur Sept 30  17 58  267   10 22  -3 260   7 -4.2  7  17 49  -9  17 54  F
                    1 Fri  Oct   1  17 57  267   34 21   4 248  19 -5.5 20  18 21  25  18 08  C
                    2 Sat  Oct   2  17 55  266   58 19  10 236  30 -6.7 32  18 57  62  18 23  A
 2027 Oct  29 18 37   Fri 
                    1 Sat  Oct  30  17 20  254   22 43   1 241  13 -4.8 13  17 30  10  17 25  F
                    2 Sun  Oct  31  17 19  253   46 42   8 231  23 -6.0 25  18 14  55  17 44  A
 2027 Nov  28 08 24   Sun 
                    0 Sun  Nov  28  17 01  244    8 37  -2 238   6 -4.0  6  16 54  -7  16 58  F
                    1 Mon  Nov  29  17 00  244   32 36   7 230  14 -5.2 16  17 47  47  17 21  B
 2027 Dec  28 01 12   Tues
                    0 Tues Dec  28  17 07  242   15 55   3 236   6 -4.2  8  17 32  25  17 19  F
                    1 Wed  Dec  29  17 08  242   39 56  13 230  11 -5.4 19  18 32  84  17 45  A
 2028 Jan  26 20 12   Wed 
                    1 Thur Jan  27  17 35  248   21 23   8 245   2 -4.4 10  18 21  46  17 55  C
                    2 Fri  Jan  28  17 36  248   45 24  18 242   6 -5.6 21  19 18 102  18 21  A
 2028 Feb  25 15 37   Fri 
                    0 Fri  Feb  25  18 03  259    2 26   0 262  -3 -3.7  3  18 08   4  18 05  F
                    1 Sat  Feb  26  18 04  260   26 27  11 261  -1 -4.8 13  19 03  59  18 30  A
 2028 Mar  26 09 31   Sun 
                    0 Sun  Mar  26  18 29  274    8 58   3 278  -4 -4.0  6  18 50  21  18 38  F
                    1 Mon  Mar  27  18 30  274   32 59  14 276  -2 -5.2 16  19 48  79  19 05  A
 2028 Apr  25 00 47   Tues
                    0 Tues Apr  25  18 53  287   18 06   8 289  -2 -4.5 10  19 42  49  19 15  C
                    1 Wed  Apr  26  18 54  288   42 07  19 285   2 -5.7 21  20 45 111  19 43  A
 2028 May  24 13 16   Wed 
                    0 Wed  May  24  19 16  297    6 00   3 298  -2 -3.9  5  19 37  21  19 25  F
                    1 Thur May  25  19 17  297   30 01  13 292   5 -5.1 16  20 38  81  19 53  A
 2028 June 22 23 27   Thur
                    1 Fri  June 23  19 30  300   20 03   7 293   6 -4.6 11  20 15  45  19 50  C
                    2 Sat  June 24  19 30  300   44 03  16 283  17 -6.0 24  21 00  90  20 10  A
 2028 July 22 08 02   Sat 
                    0 Sat  July 22  19 23  295   11 21   1 290   6 -4.1  7  19 34  12  19 28  F
                    1 Sun  July 23  19 22  295   35 20   9 278  18 -5.6 21  20 12  50  19 44  A
 2028 Aug  20 15 44   Sun 
                    0 Sun  Aug  20  18 54  286    3 10  -3 282   3 -3.7  4  18 41 -13  18 49  F
                    1 Mon  Aug  21  18 53  285   27 09   3 269  16 -5.2 17  19 15  22  19 03  E
                    2 Tues Aug  22  18 52  285   51 08  10 256  28 -6.6 31  19 47  56  19 17  A
 2028 Sept 18 23 24   Mon 
                    1 Tues Sept 19  18 13  272   18 49   0 260  12 -4.7 12  18 16   3  18 14  F
                    2 Wed  Sept 20  18 11  272   42 47   7 247  24 -6.1 26  18 52  40  18 29  A
 2028 Oct  18 07 57   Wed 
                    0 Wed  Oct  18  17 33  258    9 36  -3 251   7 -4.2  7  17 22 -11  17 28  F
                    1 Thur Oct  19  17 32  258   33 35   5 239  19 -5.6 20  18 05  33  17 46  B
 2028 Nov  16 18 18   Thur
                    1 Fri  Nov  17  17 05  247   22 47   4 235  12 -4.8 13  17 32  28  17 17  F
                    2 Sat  Nov  18  17 04  247   46 46  13 225  21 -6.1 26  18 31  87  17 43  A
 2028 Dec  16 07 06   Sat 
                    0 Sat  Dec  16  17 02  242    9 56   1 237   4 -3.9  5  17 15  13  17 08  F
                    1 Sun  Dec  17  17 02  242   33 56  12 230  11 -5.3 18  18 18  76  17 36  A
 2029 Jan  14 22 24   Sun 
                    1 Mon  Jan  15  17 23  245   18 59   7 242   3 -4.4  9  18 09  46  17 44  C
                    2 Tues Jan  16  17 24  245   43 00  18 238   7 -5.7 21  19 10 106  18 11  A
 2029 Feb  13 15 31   Tues
                    0 Tues Feb  13  17 53  254    2 22   0 257  -3 -3.7  4  17 58   6  17 55  F
                    1 Wed  Feb  14  17 53  255   26 22  11 256  -1 -4.8 13  18 56  62  18 21  A
 2029 Mar  15 09 19   Thur
                    0 Thur Mar  15  18 20  268    9 01   3 272  -4 -4.1  6  18 40  21  18 29  F
                    1 Fri  Mar  16  18 20  269   33 01  14 271  -2 -5.1 16  19 36  75  18 54  A
 2029 Apr  14 02 40   Sat 
                    0 Sat  Apr  14  18 44  282   16 04   6 285  -3 -4.3  9  19 23  39  19 01  E
                    1 Sun  Apr  15  18 45  283   40 05  17 282   1 -5.4 19  20 20  95  19 27  A
 2029 May  13 18 42   Sun 
                    0 Sun  May  13  19 07  294    0 25   0 297  -3 -3.7  3  19 11   3  19 09  F
                    1 Mon  May  14  19 08  294   24 26  10 292   2 -4.7 12  20 08  59  19 35  B
 2029 June 12 08 50   Tues
                    0 Tues June 12  19 27  299   10 37   3 297   2 -3.9  5  19 48  21  19 36  F
                    1 Wed  June 13  19 27  300   34 37  12 289  11 -5.2 17  20 36  68  19 58  A
 2029 July 11 20 51   Wed 
                    1 Thur July 12  19 28  298   22 37   4 287  10 -4.7 12  19 55  27  19 40  F
                    2 Fri  July 13  19 28  298   46 37  12 277  21 -6.0 25  20 32  64  19 56  A
 2029 Aug  10 06 56   Fri 
                    0 Fri  Aug  10  19 06  290   12 10  -1 282   8 -4.2  8  19 04  -2  19 05  F
                    1 Sat  Aug  11  19 05  289   36 09   6 270  19 -5.6 21  19 38  32  19 20  B
 2029 Sept  8 15 44   Sat 
                    0 Sat  Sept  8  18 29  277    2 45  -5 273   4 -3.9  5  18 08 -22  18 20  F
                    1 Sun  Sept  9  18 28  277   26 44   2 261  16 -5.2 16  18 42  14  18 34  F
                    2 Mon  Sept 10  18 26  276   50 42   9 248  28 -6.5 30  19 18  52  18 49  A
 2029 Oct   8 00 14   Mon 
                    0 Mon  Oct   8  17 46  263   17 32   0 252  11 -4.6 11  17 50   4  17 48  F
                    1 Tues Oct   9  17 45  263   41 31   8 240  23 -6.0 25  18 34  49  18 07  A
 2029 Nov   6 09 24   Tues
                    0 Tues Nov   6  17 13  251    7 49  -2 245   6 -4.0  6  17 08  -4  17 11  F
                    1 Wed  Nov   7  17 12  250   31 48   8 234  16 -5.4 19  18 03  51  17 35  A
 2029 Dec   5 19 52   Wed 
                    1 Thur Dec   6  17 00  243   21 08   7 234   9 -4.7 12  17 47  47  17 21  C
                    2 Fri  Dec   7  17 00  243   45 08  17 225  17 -6.1 26  18 55 115  17 51  A
 2030 Jan   4 07 49   Fri 
                    0 Fri  Jan   4  17 13  243    9 24   4 242   1 -4.0  6  17 39  26  17 25  F
                    1 Sat  Jan   5  17 14  243   33 25  15 236   7 -5.4 19  18 48  94  17 56  A
 2030 Feb   2 21 07   Sat 
                    1 Sun  Feb   3  17 42  250   20 35  10 251  -1 -4.7 12  18 38  56  18 07  B
                    2 Mon  Feb   4  17 43  251   44 36  22 248   3 -5.9 23  19 40 117  18 35  A
 2030 Mar   4 11 35   Mon 
                    0 Mon  Mar   4  18 10  263    6 35   2 267  -4 -4.0  6  18 27  17  18 17  F
                    1 Tues Mar   5  18 11  263   30 36  14 265  -2 -5.1 16  19 26  75  18 44  A
 2030 Apr   3 03 02   Wed 
                    0 Wed  Apr   3  18 35  277   15 33   6 280  -3 -4.3  8  19 12  37  18 51  E
                    1 Thur Apr   4  18 36  278   39 34  17 277   0 -5.4 19  20 09  93  19 17  A
 2030 May   2 19 12   Thur
                    1 Fri  May   3  18 59  290   23 47   9 288   2 -4.6 11  19 53  54  19 23  B
 2030 June  1 11 21   Sat 
                    0 Sat  June  1  19 21  298    8 00   1 296   2 -3.7  4  19 34  13  19 27  F
                    1 Sun  June  2  19 22  298   32 01  10 290   8 -5.0 15  20 22  60  19 49  A
 2030 July  1 02 34   Mon 
                    0 Mon  July  1  19 30  299   16 56   2 292   7 -4.3  8  19 46  16  19 38  F
                    1 Tues July  2  19 30  299   40 56   9 283  16 -5.5 20  20 24  54  19 54  A
 2030 July 30 16 11   Tues
                    0 Tues July 30  19 17  293    3 06  -4 290   4 -3.8  4  19 00 -17  19 09  F
                    1 Wed  July 31  19 16  293   27 05   3 280  13 -4.9 14  19 33  17  19 24  F
                    2 Thur Aug   1  19 15  293   51 04   9 269  24 -6.1 26  20 05  50  19 37  A
 2030 Aug  29 04 07   Thur
                    0 Thur Aug  29  18 43  282   14 36  -2 273   9 -4.4  9  18 38  -6  18 41  F
                    1 Fri  Aug  30  18 42  281   38 35   5 262  20 -5.6 21  19 10  28  18 55  B
 2030 Sept 27 14 55   Fri 
                    0 Fri  Sept 27  18 02  268    3 07  -5 265   4 -3.9  5  17 42 -20  17 53  F
                    1 Sat  Sept 28  18 01  268   27 06   3 253  15 -5.1 15  18 19  18  18 09  F
                    2 Sun  Sept 29  17 59  267   51 04  10 241  26 -6.4 29  19 00  61  18 26  A
 2030 Oct  27 01 17   Sun 
                    0 Sun  Oct  27  17 23  255   16 06   2 246   9 -4.4 10  17 36  13  17 29  F
                    1 Mon  Oct  28  17 22  254   40 05  10 235  20 -5.9 23  18 28  66  17 51  A
 2030 Nov  25 11 46   Mon 
                    0 Mon  Nov  25  17 01  245    5 15   0 243   2 -3.7  3  17 07   5  17 04  F
                    1 Tues Nov  26  17 01  245   29 15  11 232  12 -5.3 17  18 10  69  17 32  A
 2030 Dec  24 22 32   Tues
                    1 Wed  Dec  25  17 06  242   18 34   9 238   4 -4.6 11  18 02  57  17 31  B
                    2 Thur Dec  26  17 06  242   42 34  21 230  12 -6.1 25  19 14 128  18 03  A
 2031 Jan  23 09 31   Thur
                    0 Thur Jan  23  17 31  247    8 00   4 249  -2 -4.1  6  17 58  28  17 43  F
                    1 Fri  Jan  24  17 32  247   32 01  17 244   3 -5.5 19  19 09  97  18 15  A
 2031 Feb  21 20 49   Fri 
                    1 Sat  Feb  22  18 01  258   21 12  11 260  -2 -4.8 13  19 00  59  18 27  A
 2031 Mar  23 08 49   Sun 
                    0 Sun  Mar  23  18 26  272    9 37   4 275  -3 -4.1  6  18 50  24  18 37  F
                    1 Mon  Mar  24  18 27  272   33 38  16 272   0 -5.3 18  19 52  86  19 05  A
 2031 Apr  21 21 57   Mon 
                    1 Tues Apr  22  18 50  286   20 53   8 284   1 -4.5 10  19 39  49  19 12  B
                    2 Wed  Apr  23  18 51  286   44 54  19 280   6 -5.7 22  20 36 106  19 38  A
 2031 May  21 12 17   Wed 
                    0 Wed  May  21  19 13  296    6 56   1 294   2 -3.7  3  19 23  10  19 18  F
                    1 Thur May  22  19 14  296   30 57  10 288   8 -5.0 14  20 15  61  19 41  A
 2031 June 20 03 25   Fri 
                    0 Fri  June 20  19 29  300   16 04   2 293   7 -4.2  8  19 44  15  19 36  F
                    1 Sat  June 21  19 30  300   40 05  10 285  15 -5.4 19  20 25  55  19 54  A
 2031 July 19 18 40   Sat 
                    0 Sat  July 19  19 25  296    0 45  -5 293   3 -3.8  4  19 03 -22  19 15  F
                    1 Sun  July 20  19 24  296   24 44   2 284  12 -4.7 12  19 38  14  19 31  F
                    2 Mon  July 21  19 24  296   48 44   8 275  21 -5.8 23  20 11  47  19 45  A
 2031 Aug  18 09 32   Mon 
                    0 Mon  Aug  18  18 58  287    9 26  -3 280   6 -4.1  7  18 45 -13  18 52  F
                    1 Tues Aug  19  18 56  286   33 24   3 271  16 -5.2 16  19 15  19  19 05  F
                    2 Wed  Aug  20  18 55  286   57 23   9 261  25 -6.3 27  19 46  51  19 18  A
 2031 Sept 16 23 47   Tues
                    1 Wed  Sept 17  18 17  273   18 30   0 264  10 -4.5 10  18 20   3  18 18  F
                    2 Thur Sept 18  18 15  273   42 28   7 253  20 -5.7 21  18 53  38  18 32  A
 2031 Oct  16 13 21   Thur
                    0 Thur Oct  16  17 36  260    4 15  -2 257   3 -3.6  3  17 28  -8  17 33  F
                    1 Fri  Oct  17  17 35  259   28 14   5 246  13 -5.0 15  18 08  33  17 50  C
                    2 Sat  Oct  18  17 34  259   52 13  13 236  23 -6.3 27  18 53  80  18 09  A
 2031 Nov  15 02 10   Sat 
                    0 Sat  Nov  15  17 06  248   14 56   4 242   6 -4.3  8  17 34  28  17 19  F
                    1 Sun  Nov  16  17 06  247   38 56  13 232  16 -5.7 22  18 31  85  17 43  A
 2031 Dec  14 14 06   Sun 
                    0 Sun  Dec  14  17 01  242    2 55   1 243  -1 -3.7  3  17 14  13  17 07  F
                    1 Mon  Dec  15  17 01  242   26 55  13 234   7 -5.2 16  18 20  79  17 36  A
 2032 Jan  13 01 07   Tues
                    0 Tues Jan  13  17 21  244   16 14   9 244   0 -4.6 11  18 15  55  17 45  B
                    1 Wed  Jan  14  17 22  244   40 15  22 237   7 -6.0 24  19 27 126  18 17  A
 2032 Feb  11 11 24   Wed 
                    0 Wed  Feb  11  17 50  253    6 26   3 257  -4 -4.0  6  18 11  21  17 59  F
                    1 Thur Feb  12  17 51  254   30 27  17 253   1 -5.4 19  19 23  92  18 32  A
 2032 Mar  11 21 25   Thur
                    1 Fri  Mar  12  18 17  267   20 52  11 267  -1 -4.7 12  19 16  58  18 43  A
 2032 Apr  10 07 39   Sat 
                    0 Sat  Apr  10  18 41  281   11 02   4 280   0 -4.0  6  19 08  27  18 53  F
                    1 Sun  Apr  11  18 42  281   35 03  17 276   5 -5.5 19  20 13  91  19 22  A
 2032 May   9 18 36   Sun 
                    0 Sun  May   9  19 05  292    0 29  -2 291   1 -3.4  1  18 59  -6  19 02  F
                    1 Mon  May  10  19 05  293   24 29   9 286   7 -4.8 13  19 59  53  19 29  B
 2032 June  8 06 32   Tues
                    0 Tues June  8  19 25  299   12 53   1 293   7 -4.2  7  19 37  12  19 31  F
                    1 Wed  June  9  19 26  299   36 54  10 285  14 -5.4 18  20 25  59  19 52  A
 2032 July  7 19 41   Wed 
                    1 Thur July  8  19 29  298   23 48   2 287  11 -4.7 12  19 46  17  19 37  F
                    2 Fri  July  9  19 29  298   47 48  10 278  20 -5.8 23  20 22  53  19 53  A
 2032 Aug   6 10 11   Fri 
                    0 Fri  Aug   6  19 10  291    8 59  -3 285   6 -4.0  6  18 58 -13  19 05  F
                    1 Sat  Aug   7  19 09  291   32 58   3 276  15 -5.1 16  19 30  21  19 18  F
                    2 Sun  Aug   8  19 08  290   56 57  10 267  24 -6.2 26  20 01  53  19 31  A
 2032 Sept  5 01 57   Sun 
                    0 Sun  Sept  5  18 33  279   16 36  -1 270   8 -4.3  8  18 34   1  18 33  F
                    1 Mon  Sept  6  18 32  278   40 35   6 261  17 -5.4 19  19 05  33  18 46  B
 2032 Oct   4 18 26   Mon 
                    1 Tues Oct   5  17 50  264   23 24   3 255  10 -4.6 11  18 12  22  18 00  F
                    2 Wed  Oct   6  17 49  264   47 23  10 245  19 -5.8 22  18 48  59  18 15  A
 2032 Nov   3 10 45   Wed 
                    0 Wed  Nov   3  17 15  252    6 30   1 250   2 -3.7  3  17 26  10  17 20  F
                    1 Thur Nov   4  17 14  251   30 29   9 241  11 -5.1 15  18 09  54  17 39  A
 2032 Dec   3 01 53   Fri 
                    0 Fri  Dec   3  17 00  243   15 07   7 240   3 -4.3  9  17 42  42  17 18  D
                    1 Sat  Dec   4  17 00  243   39 07  16 231  12 -5.7 21  18 39  99  17 44  A
 2033 Jan   1 15 17   Sat 
                    0 Sat  Jan   1  17 11  242    1 54   2 246  -3 -3.9  5  17 25  14  17 17  F
                    1 Sun  Jan   2  17 12  242   25 55  13 239   4 -5.1 15  18 30  79  17 47  A
 2033 Jan  31 03 00   Mon 
                    0 Mon  Jan  31  17 39  249   14 39   8 251  -1 -4.4 10  18 25  46  18 00  C
                    1 Tues Feb   1  17 40  250   38 40  21 245   4 -5.8 23  19 35 115  18 31  A
 2033 Mar   1 13 23   Tues
                    0 Tues Mar   1  18 08  262    4 45   2 264  -2 -3.8  4  18 20  13  18 13  F
                    1 Wed  Mar   2  18 08  262   28 45  15 260   2 -5.3 17  19 31  83  18 45  A
 2033 Mar  30 22 52   Wed 
                    1 Thur Mar  31  18 33  276   19 41   9 273   3 -4.7 12  19 26  53  18 56  B
                    2 Fri  Apr   1  18 33  276   43 41  23 269   7 -6.1 26  20 35 122  19 28  A
 2033 Apr  29 07 46   Fri 
                    0 Fri  Apr  29  18 56  289   11 10   4 285   4 -4.1  7  19 19  23  19 07  F
                    1 Sat  Apr  30  18 57  289   35 11  16 279  10 -5.6 20  20 26  89  19 36  A
 2033 May  28 16 36   Sat 
                    0 Sat  May  28  19 19  297    2 43  -2 293   4 -3.8  4  19 10  -9  19 15  F
                    1 Sun  May  29  19 19  298   26 43   8 286  11 -5.1 15  20 10  50  19 42  B
 2033 June 27 02 07   Mon 
                    0 Mon  June 27  19 30  300   17 23   2 290  10 -4.5 10  19 43  13  19 36  F
                    1 Tues June 28  19 31  300   41 24  10 281  18 -5.7 22  20 29  58  19 56  A
 2033 July 26 13 12   Tues
                    0 Tues July 26  19 20  294    6 08  -4 289   5 -4.0  6  19 06 -14  19 14  F
                    1 Wed  July 27  19 19  294   30 07   4 280  14 -5.1 15  19 44  24  19 30  F
                    2 Thur July 28  19 19  294   54 07  11 271  23 -6.2 26  20 19  60  19 45  A
 2033 Aug  25 02 40   Thur
                    0 Thur Aug  25  18 48  284   16 08   0 276   8 -4.2  8  18 52   4  18 50  F
                    1 Fri  Aug  26  18 47  283   40 07   7 266  17 -5.4 19  19 24  37  19 04  B
 2033 Sept 23 18 40   Fri 
                    1 Sat  Sept 24  18 06  270   23 26   4 261   9 -4.5 11  18 29  23  18 16  F
                    2 Sun  Sept 25  18 05  269   47 25  10 251  18 -5.7 21  19 02  57  18 30  A
 2033 Oct  23 12 28   Sun 
                    0 Sun  Oct  23  17 27  256    4 59   1 255   1 -3.6  3  17 37  10  17 31  F
                    1 Mon  Oct  24  17 26  256   28 58   8 247   9 -4.9 13  18 13  47  17 47  B
 2033 Nov  22 06 39   Tues
                    0 Tues Nov  22  17 02  246   10 23   5 245   1 -4.1  6  17 32  29  17 16  F
                    1 Wed  Nov  23  17 02  245   34 23  12 236   9 -5.2 17  18 17  75  17 36  A
 2033 Dec  21 23 46   Wed 
                    1 Thur Dec  22  17 04  242   17 18   8 240   1 -4.5 10  17 54  50  17 27  C
                    2 Fri  Dec  23  17 05  242   41 19  17 233   9 -5.7 21  18 51 106  17 52  A
 2034 Jan  20 15 01   Fri 
                    0 Fri  Jan  20  17 28  246    2 27   1 249  -4 -3.8  5  17 39  11  17 33  F
                    1 Sat  Jan  21  17 29  246   26 28  12 244   2 -5.0 14  18 42  73  18 01  A
 2034 Feb  19 04 10   Sun 
                    0 Sun  Feb  19  17 58  257   13 48   6 257   0 -4.2  8  18 34  36  18 14  E
                    1 Mon  Feb  20  17 59  257   37 49  19 253   5 -5.7 21  19 41 102  18 45  A
 2034 Mar  20 15 14   Mon 
                    0 Mon  Mar  20  18 23  271    3 09   0 270   0 -3.5  2  18 28   4  18 25  F
                    1 Tues Mar  21  18 24  271   27 10  13 267   5 -5.1 16  19 37  73  18 57  A
 2034 Apr  19 00 26   Wed 
                    0 Wed  Apr  19  18 48  285   18 22   8 278   6 -4.6 11  19 33  45  19 08  B
                    1 Thur Apr  20  18 49  285   42 23  21 273  12 -6.1 25  20 43 114  19 39  A
 2034 May  18 08 12   Thur
                    0 Thur May  18  19 11  295   10 59   2 288   7 -4.2  8  19 27  16  19 18  F
                    1 Fri  May  19  19 12  295   35 00  14 281  14 -5.7 21  20 34  82  19 48  A
 2034 June 16 15 26   Fri 
                    0 Fri  June 16  19 28  300    4 02  -3 294   5 -3.9  6  19 16 -12  19 23  F
                    1 Sat  June 17  19 29  300   28 03   8 286  14 -5.2 17  20 15  46  19 49  B
 2034 July 15 23 15   Sat 
                    1 Sun  July 16  19 26  297   20 11   3 286  11 -4.7 12  19 44  18  19 34  F
                    2 Mon  July 17  19 26  297   44 11  11 276  20 -6.0 24  20 28  62  19 54  A
 2034 Aug  14 08 53   Mon 
                    0 Mon  Aug  14  19 02  288   10 09  -1 282   6 -4.0  6  19 02   0  19 02  F
                    1 Tues Aug  15  19 01  288   34 08   7 273  15 -5.3 17  19 40  39  19 18  B
 2034 Sept 12 21 14   Tues
                    1 Wed  Sept 13  18 22  275   21 08   4 267   8 -4.5 10  18 47  25  18 33  F
                    2 Thur Sept 14  18 21  275   45 07  11 257  18 -5.7 22  19 20  60  18 47  A
 2034 Oct  12 12 33   Thur
                    0 Thur Oct  12  17 41  261    5 08   2 261   1 -3.7  3  17 53  12  17 47  F
                    1 Fri  Oct  13  17 40  261   29 07   8 251  10 -4.9 14  18 27  47  18 01  B
 2034 Nov  11 06 16   Sat 
                    0 Sat  Nov  11  17 09  249   10 53   5 248   1 -4.1  7  17 39  30  17 22  F
                    1 Sun  Nov  12  17 08  249   34 52  12 239  10 -5.2 16  18 18  70  17 39  A
 2034 Dec  11 01 14   Mon 
                    0 Mon  Dec  11  17 00  242   15 46   7 241   1 -4.3  9  17 43  43  17 19  D
                    1 Tues Dec  12  17 00  242   39 46  15 233   9 -5.4 19  18 32  91  17 41  A
 2035 Jan   9 20 03   Tues
                    1 Wed  Jan  10  17 18  243   21 15   9 242   2 -4.5 11  18 11  53  17 42  B
                    2 Thur Jan  11  17 19  244   45 16  18 236   8 -5.7 22  19 07 108  18 07  A
 2035 Feb   8 13 22   Thur
                    0 Thur Feb   8  17 47  252    4 25   1 253  -1 -3.6  3  17 56   9  17 51  F
                    1 Fri  Feb   9  17 48  253   28 26  12 249   3 -4.9 14  18 56  68  18 18  A
 2035 Mar  10 04 09   Sat 
                    0 Sat  Mar  10  18 15  266   14 06   5 263   3 -4.2  7  18 46  31  18 29  F
                    1 Sun  Mar  11  18 16  266   38 07  17 259   7 -5.6 20  19 49  94  18 57  A
 2035 Apr   8 15 58   Sun 
                    0 Sun  Apr   8  18 39  280    2 41  -1 276   3 -3.7  3  18 37  -1  18 38  F
                    1 Mon  Apr   9  18 39  280   26 41  12 272   8 -5.1 16  19 44  65  19 08  A
 2035 May   8 01 04   Tues
                    0 Tues May   8  19 03  292   17 59   6 283   8 -4.7 12  19 41  37  19 20  D
                    1 Wed  May   9  19 04  292   42 00  19 278  14 -6.1 25  20 49 105  19 51  A
 2035 June  6 08 21   Wed 
                    0 Wed  June  6  19 24  299   11 03   1 291   8 -4.3  8  19 34  10  19 28  F
                    1 Thur June  7  19 24  299   35 03  13 283  16 -5.7 21  20 38  74  19 57  A
 2035 July  5 14 59   Thur
                    0 Thur July  5  19 30  299    4 31  -3 294   5 -3.9  5  19 20 -11  19 25  F
                    1 Fri  July  6  19 30  299   28 31   8 285  14 -5.3 17  20 16  46  19 50  B
 2035 Aug   3 22 12   Fri 
                    1 Sat  Aug   4  19 13  292   21 01   4 281  10 -4.7 12  19 40  27  19 25  F
                    2 Sun  Aug   5  19 12  291   45 00  13 271  21 -6.1 25  20 23  71  19 43  A
 2035 Sept  2 06 59   Sun 
                    0 Sun  Sept  2  18 38  280   11 39   2 275   5 -4.1  6  18 55  16  18 45  F
                    1 Mon  Sept  3  18 37  280   35 38  10 265  15 -5.5 19  19 32  55  19 01  A
 2035 Oct   1 18 07   Mon 
                    1 Tues Oct   2  17 55  266   23 48   8 258   8 -4.8 13  18 39  44  18 15  B
 2035 Oct  31 07 59   Wed 
                    0 Wed  Oct  31  17 19  253    9 20   5 252   1 -4.1  7  17 48  29  17 32  F
                    1 Thur Nov   1  17 18  253   33 19  12 242  10 -5.2 17  18 25  67  17 48  A
 2035 Nov  30 00 37   Fri 
                    0 Fri  Nov  30  17 00  244   16 23   7 242   2 -4.4  9  17 43  43  17 19  D
                    1 Sat  Dec   1  17 00  244   40 23  14 233  11 -5.5 19  18 28  88  17 39  A
 2035 Dec  29 19 31   Sat 
                    1 Sun  Dec  30  17 09  242   21 38   8 239   3 -4.5 10  18 00  51  17 31  C
                    2 Mon  Dec  31  17 10  242   45 39  17 232  10 -5.6 21  18 51 101  17 55  A
 2036 Jan  28 15 17   Mon 
                    0 Mon  Jan  28  17 36  248    2 19   0 249  -1 -3.5  2  17 39   3  17 37  F
                    1 Tues Jan  29  17 37  248   26 20  10 244   4 -4.7 12  18 33  56  18 02  B

