 year  h   cd conj  f wk   mon  day  set   Saz    age  Alt Maz  dz  Mag El  mset  lag   best  cat
 2025 Jan  29 17 36   Wed 
                    1 Thur Jan  30  17 28  249   23 52   9 241   8 -4.8 13  18 24  57  17 53  A
 2025 Feb  28 05 45   Fri 
                    0 Fri  Feb  28  17 57  261   12 12   5 258   3 -4.1  7  18 26  29  18 10  F
                    1 Sat  Mar   1  17 58  261   36 13  18 257   5 -5.6 21  19 38 100  18 42  A
 2025 Mar  29 15 58   Sat 
                    0 Sat  Mar  29  18 22  275    2 24   0 276  -1 -3.5  2  18 25   3  18 23  F
                    1 Sun  Mar  30  18 23  276   26 25  14 275   1 -5.1 16  19 41  78  18 57  A
 2025 Apr  28 00 31   Mon 
                    0 Mon  Apr  28  18 47  288   18 16  10 289   0 -4.7 12  19 47  60  19 14  A
 2025 May  27 08 02   Tues
                    0 Tues May  27  19 11  297   11 09   6 299  -1 -4.3  8  19 54  43  19 30  E
                    1 Wed  May  28  19 11  298   35 09  18 292   6 -5.7 21  21 04 113  20 01  A
 2025 June 25 15 32   Wed 
                    0 Wed  June 25  19 23  300    3 51   3 302  -2 -3.9  5  19 47  24  19 34  F
                    1 Thur June 26  19 23  300   27 51  13 293   7 -5.2 16  20 41  78  19 58  A
 2025 July 25 00 11   Fri 
                    0 Fri  July 25  19 13  295   19 02   7 289   6 -4.5 11  19 55  41  19 32  D
                    1 Sat  July 26  19 13  295   43 02  13 278  17 -5.8 23  20 26  73  19 45  A
 2025 Aug  23 11 07   Sat 
                    0 Sat  Aug  23  18 43  285    7 36   1 282   3 -3.8  4  18 54  11  18 48  F
                    1 Sun  Aug  24  18 41  284   31 34   7 271  13 -5.1 16  19 19  37  18 58  C
                    2 Mon  Aug  25  18 40  284   55 33  11 260  24 -6.3 27  19 42  62  19 07  A
 2025 Sept 22 00 54   Mon 
                    0 Mon  Sept 22  18 00  271   17 06   1 263   8 -4.3  8  18 08   8  18 03  F
                    1 Tues Sept 23  17 58  270   41 04   6 252  18 -5.5 19  18 31  33  18 13  B
 2025 Oct  21 17 25   Tues
                    1 Wed  Oct  22  17 18  257   23 53   1 245  11 -4.7 12  17 27   8  17 22  F
                    2 Thur Oct  23  17 17  256   47 52   6 235  21 -5.8 22  17 57  40  17 35  A
 2025 Nov  20 11 47   Thur
                    0 Thur Nov  20  16 52  246    5 05  -4 241   5 -3.9  5  16 34 -19  16 44  F
                    1 Fri  Nov  21  16 52  246   29 05   3 232  13 -4.9 14  17 14  22  17 02  F
                    2 Sat  Nov  22  16 52  245   53 05   9 223  22 -6.0 25  18 01  70  17 22  A
 2025 Dec  20 06 43   Sat 
                    0 Sat  Dec  20  16 52  241   10 09  -1 235   7 -4.1  7  16 50  -2  16 51  F
                    1 Sun  Dec  21  16 52  241   34 09   8 228  13 -5.2 16  17 48  56  17 17  B
 2026 Jan  19 00 52   Mon 
                    0 Mon  Jan  19  17 16  245   16 24   4 239   6 -4.3  8  17 45  29  17 29  F
                    1 Tues Jan  20  17 17  246   40 25  15 235  10 -5.5 20  18 49  92  17 58  A
 2026 Feb  17 17 01   Tues
                    0 Tues Feb  17  17 46  256    0 45  -2 255   1 -3.4  1  17 41  -5  17 44  F
                    1 Wed  Feb  18  17 47  256   24 46  10 253   3 -4.8 13  18 47  60  18 14  A
 2026 Mar  19 06 23   Thur
                    0 Thur Mar  19  18 13  270   11 50   5 271  -1 -4.1  7  18 43  30  18 27  F
                    1 Fri  Mar  20  18 14  271   35 51  18 270   1 -5.6 20  19 53  99  18 58  A
 2026 Apr  17 16 52   Fri 
                    0 Fri  Apr  17  18 38  284    1 46   0 287  -4 -3.8  4  18 43   6  18 40  F
                    1 Sat  Apr  18  18 39  284   25 47  14 285   0 -5.1 16  19 59  81  19 14  A
 2026 May  17 01 01   Sun 
                    0 Sun  May  17  19 03  295   18 02  10 295   0 -4.7 12  20 07  64  19 31  A
 2026 June 15 07 54   Mon 
                    0 Mon  June 15  19 21  300   11 27   6 299   1 -4.3  8  20 04  43  19 40  E
                    1 Tues June 16  19 21  300   35 27  17 290  10 -5.7 21  21 02 101  20 06  A
 2026 July 14 14 44   Tues
                    0 Tues July 14  19 20  298    4 36   2 298   0 -3.8  4  19 38  18  19 28  F
                    1 Wed  July 15  19 20  298   28 36  10 286  11 -5.2 17  20 20  60  19 46  A
 2026 Aug  12 22 37   Wed 
                    1 Thur Aug  13  18 55  289   20 18   4 279  10 -4.6 11  19 22  26  19 07  F
                    2 Fri  Aug  14  18 54  288   44 17  10 267  21 -6.0 24  19 50  55  19 19  A
 2026 Sept 11 08 27   Fri 
                    0 Fri  Sept 11  18 16  276    9 49  -1 270   6 -4.0  6  18 16  -1  18 16  F
                    1 Sat  Sept 12  18 15  276   33 48   4 259  17 -5.4 18  18 41  27  18 27  C
                    2 Sun  Sept 13  18 13  275   57 46   9 247  28 -6.5 30  19 08  55  18 38  A
 2026 Oct  10 20 50   Sat 
                    1 Sun  Oct  11  17 33  262   20 43   0 251  11 -4.6 11  17 36   3  17 34  F
                    2 Mon  Oct  12  17 31  261   44 41   5 240  21 -5.8 22  18 07  35  17 47  A
 2026 Nov   9 12 02   Mon 
                    0 Mon  Nov   9  17 00  250    4 58  -4 245   5 -3.9  5  16 40 -20  16 51  F
                    1 Tues Nov  10  16 59  249   28 57   2 235  14 -5.0 14  17 18  19  17 07  F
                    2 Wed  Nov  11  16 58  249   52 56   9 226  23 -6.1 25  18 02  63  17 26  A
 2026 Dec   9 05 52   Wed 
                    0 Wed  Dec   9  16 49  242   10 57  -1 235   7 -4.1  7  16 46  -3  16 47  F
                    1 Thur Dec  10  16 49  242   34 57   7 228  14 -5.2 16  17 39  50  17 11  B
 2027 Jan   8 01 24   Fri 
                    0 Fri  Jan   8  17 05  243   15 41   3 237   6 -4.2  7  17 29  24  17 16  F
                    1 Sat  Jan   9  17 06  243   39 42  13 233  10 -5.3 18  18 28  82  17 43  A
 2027 Feb   6 20 56   Sat 
                    1 Sun  Feb   7  17 36  252   20 40   7 249   2 -4.4 10  18 20  45  17 55  C
                    2 Mon  Feb   8  17 37  252   44 41  18 247   5 -5.6 21  19 19 103  18 22  A
 2027 Mar   8 14 29   Mon 
                    0 Mon  Mar   8  18 04  265    3 35   0 267  -2 -3.6  3  18 10   7  18 07  F
                    1 Tues Mar   9  18 04  265   27 35  12 266   0 -4.9 14  19 11  67  18 34  A
 2027 Apr   7 04 51   Wed 
                    0 Wed  Apr   7  18 29  279   13 38   6 282  -3 -4.3  8  19 06  37  18 46  E
                    1 Thur Apr   8  18 30  280   37 39  18 280   0 -5.6 20  20 14 104  19 16  A
 2027 May   6 15 59   Thur
                    0 Thur May   6  18 54  291    2 55   1 295  -4 -3.9  5  19 07  13  19 00  F
                    1 Fri  May   7  18 54  292   26 55  14 291   1 -5.1 16  20 19  84  19 32  A
 2027 June  5 00 40   Sat 
                    0 Sat  June  5  19 16  299   18 36   9 296   3 -4.6 11  20 16  60  19 43  B
                    1 Sun  June  6  19 17  299   42 37  20 287  12 -6.0 25  21 15 118  20 09  A
 2027 July  4 08 02   Sun 
                    0 Sun  July  4  19 23  299   11 21   4 296   3 -4.1  7  19 53  30  19 36  F
                    1 Mon  July  5  19 23  299   35 21  13 285  15 -5.7 21  20 38  75  19 56  A
 2027 Aug   2 15 05   Mon 
                    0 Mon  Aug   2  19 07  293    4 02  -1 291   2 -3.6  2  19 09   2  19 08  F
                    1 Tues Aug   3  19 06  292   28 01   7 278  14 -5.2 17  19 44  38  19 23  B
 2027 Aug  31 22 41   Tues
                    1 Wed  Sept  1  18 31  281   19 50   1 269  12 -4.7 12  18 42  11  18 36  F
                    2 Thur Sept  2  18 30  280   43 49   7 256  24 -6.1 26  19 12  42  18 48  A
 2027 Sept 30 07 36   Thur
                    0 Thur Sept 30  17 49  267   10 13  -3 260   7 -4.2  7  17 39 -10  17 44  F
                    1 Fri  Oct   1  17 47  267   34 11   4 248  19 -5.5 20  18 11  23  17 58  C
                    2 Sat  Oct   2  17 46  266   58 10  10 236  30 -6.7 32  18 46  60  18 13  A
 2027 Oct  29 18 37   Fri 
                    1 Sat  Oct  30  17 10  254   22 33   1 241  13 -4.8 13  17 19   9  17 14  F
                    2 Sun  Oct  31  17 09  253   46 32   8 230  23 -6.0 25  18 02  54  17 33  A
 2027 Nov  28 08 24   Sun 
                    0 Sun  Nov  28  16 50  244    8 26  -2 238   6 -4.0  6  16 42  -8  16 46  F
                    1 Mon  Nov  29  16 49  244   32 25   6 230  14 -5.2 16  17 35  45  17 09  B
 2027 Dec  28 01 12   Tues
                    0 Tues Dec  28  16 56  241   15 44   3 236   6 -4.2  8  17 21  24  17 07  F
                    1 Wed  Dec  29  16 57  242   39 45  13 230  12 -5.4 18  18 20  84  17 34  A
 2028 Jan  26 20 12   Wed 
                    1 Thur Jan  27  17 24  248   21 12   8 245   3 -4.4 10  18 10  46  17 44  C
                    2 Fri  Jan  28  17 25  248   45 13  18 242   6 -5.6 20  19 07 103  18 10  A
 2028 Feb  25 15 37   Fri 
                    0 Fri  Feb  25  17 53  259    2 16   0 262  -3 -3.7  3  17 58   4  17 55  F
                    1 Sat  Feb  26  17 54  260   26 17  11 261  -1 -4.8 12  18 54  59  18 21  A
 2028 Mar  26 09 31   Sun 
                    0 Sun  Mar  26  18 20  274    8 49   3 277  -4 -4.0  6  18 41  21  18 29  F
                    1 Mon  Mar  27  18 21  274   32 50  14 276  -2 -5.2 16  19 40  79  18 56  A
 2028 Apr  25 00 47   Tues
                    0 Tues Apr  25  18 45  287   17 58   8 289  -2 -4.5 10  19 34  50  19 07  C
                    1 Wed  Apr  26  18 46  288   41 59  19 285   2 -5.7 21  20 38 112  19 36  A
 2028 May  24 13 16   Wed 
                    0 Wed  May  24  19 09  297    5 53   3 299  -2 -3.9  5  19 29  21  19 18  F
                    1 Thur May  25  19 09  297   29 53  13 292   5 -5.1 16  20 30  81  19 45  A
 2028 June 22 23 27   Thur
                    1 Fri  June 23  19 23  300   19 56   7 294   7 -4.6 11  20 07  44  19 43  C
                    2 Sat  June 24  19 23  300   43 56  16 283  17 -6.0 24  20 52  89  20 03  A
 2028 July 22 08 02   Sat 
                    0 Sat  July 22  19 15  296   11 13   1 290   6 -4.1  7  19 26  11  19 20  F
                    1 Sun  July 23  19 15  295   35 13   9 278  18 -5.6 20  20 03  49  19 36  A
 2028 Aug  20 15 44   Sun 
                    0 Sun  Aug  20  18 46  286    3 02  -4 282   3 -3.7  4  18 32 -14  18 40  F
                    1 Mon  Aug  21  18 45  285   27 01   3 270  16 -5.2 17  19 05  21  18 54  E
                    2 Tues Aug  22  18 44  285   51 00  10 256  28 -6.6 31  19 38  54  19 08  A
 2028 Sept 18 23 24   Mon 
                    1 Tues Sept 19  18 04  272   18 40   0 260  12 -4.7 12  18 06   2  18 05  F
                    2 Wed  Sept 20  18 02  272   42 38   6 247  24 -6.1 26  18 41  39  18 20  A
 2028 Oct  18 07 57   Wed 
                    0 Wed  Oct  18  17 23  258    9 26  -3 251   7 -4.2  7  17 11 -12  17 18  F
                    1 Thur Oct  19  17 22  258   33 25   5 239  19 -5.5 20  17 54  32  17 36  B
 2028 Nov  16 18 18   Thur
                    1 Fri  Nov  17  16 54  247   22 36   3 235  12 -4.8 13  17 20  26  17 06  F
                    2 Sat  Nov  18  16 53  246   46 35  12 225  22 -6.1 26  18 19  85  17 31  A
 2028 Dec  16 07 06   Sat 
                    0 Sat  Dec  16  16 50  241    9 44   1 237   4 -3.9  5  17 03  12  16 56  F
                    1 Sun  Dec  17  16 51  241   33 45  11 230  12 -5.3 17  18 07  76  17 25  A
 2029 Jan  14 22 24   Sun 
                    1 Mon  Jan  15  17 12  244   18 48   7 242   3 -4.4  9  17 58  46  17 33  C
                    2 Tues Jan  16  17 13  245   42 49  18 237   7 -5.7 21  18 59 106  18 00  A
 2029 Feb  13 15 31   Tues
                    0 Tues Feb  13  17 42  254    2 11   0 257  -3 -3.7  4  17 48   6  17 45  F
                    1 Wed  Feb  14  17 43  255   26 12  11 255  -1 -4.8 13  18 46  62  18 11  A
 2029 Mar  15 09 19   Thur
                    0 Thur Mar  15  18 10  268    8 51   3 272  -4 -4.0  6  18 31  21  18 19  F
                    1 Fri  Mar  16  18 11  269   32 52  14 271  -2 -5.1 16  19 27  76  18 45  A
 2029 Apr  14 02 40   Sat 
                    0 Sat  Apr  14  18 35  283   15 55   6 285  -3 -4.3  9  19 14  39  18 53  E
                    1 Sun  Apr  15  18 36  283   39 56  17 282   1 -5.4 19  20 12  96  19 19  A
 2029 May  13 18 42   Sun 
                    0 Sun  May  13  19 00  294    0 18   0 297  -3 -3.7  3  19 03   3  19 01  F
                    1 Mon  May  14  19 01  294   24 19  10 292   2 -4.7 12  20 00  60  19 27  B
 2029 June 12 08 50   Tues
                    0 Tues June 12  19 20  300   10 30   3 297   2 -3.9  5  19 41  21  19 29  F
                    1 Wed  June 13  19 20  300   34 30  11 289  11 -5.2 17  20 28  68  19 50  A
 2029 July 11 20 51   Wed 
                    1 Thur July 12  19 21  298   22 30   4 288  10 -4.7 12  19 47  27  19 33  F
                    2 Fri  July 13  19 20  298   46 29  11 277  21 -6.0 25  20 23  63  19 48  A
 2029 Aug  10 06 56   Fri 
                    0 Fri  Aug  10  18 58  290   12 02  -1 282   8 -4.2  8  18 56  -3  18 57  F
                    1 Sat  Aug  11  18 57  289   36 01   5 270  19 -5.6 20  19 28  31  19 11  B
 2029 Sept  8 15 44   Sat 
                    0 Sat  Sept  8  18 20  277    2 36  -5 274   4 -3.9  5  17 58 -22  18 10  F
                    1 Sun  Sept  9  18 19  277   26 35   2 261  16 -5.2 16  18 32  13  18 25  F
                    2 Mon  Sept 10  18 17  276   50 33   9 248  28 -6.5 30  19 07  50  18 40  A
 2029 Oct   8 00 14   Mon 
                    0 Mon  Oct   8  17 37  263   17 23   0 252  11 -4.6 11  17 39   3  17 38  F
                    1 Tues Oct   9  17 35  263   41 21   7 240  23 -6.0 25  18 23  47  17 56  A
 2029 Nov   6 09 24   Tues
                    0 Tues Nov   6  17 02  251    7 38  -2 245   6 -3.9  6  16 57  -5  17 00  F
                    1 Wed  Nov   7  17 01  250   31 37   7 234  16 -5.4 19  17 51  50  17 24  A
 2029 Dec   5 19 52   Wed 
                    1 Thur Dec   6  16 49  242   20 57   7 234   9 -4.7 12  17 35  46  17 09  C
                    2 Fri  Dec   7  16 49  242   44 57  17 225  18 -6.1 26  18 43 115  17 39  A
 2030 Jan   4 07 49   Fri 
                    0 Fri  Jan   4  17 02  242    9 13   4 241   1 -3.9  6  17 28  26  17 13  F
                    1 Sat  Jan   5  17 03  242   33 14  15 235   7 -5.4 18  18 36  94  17 44  A
 2030 Feb   2 21 07   Sat 
                    1 Sun  Feb   3  17 32  250   20 25  10 251  -1 -4.6 12  18 28  56  17 57  B
                    2 Mon  Feb   4  17 33  251   44 26  21 247   3 -5.9 23  19 30 118  18 25  A
 2030 Mar   4 11 35   Mon 
                    0 Mon  Mar   4  18 00  263    6 25   2 267  -4 -4.0  6  18 17  17  18 08  F
                    1 Tues Mar   5  18 01  263   30 26  14 265  -1 -5.1 16  19 16  75  18 35  A
 2030 Apr   3 03 02   Wed 
                    0 Wed  Apr   3  18 26  277   15 24   6 280  -3 -4.3  8  19 03  37  18 42  E
                    1 Thur Apr   4  18 27  278   39 25  17 277   1 -5.4 19  20 00  93  19 08  A
 2030 May   2 19 12   Thur
                    1 Fri  May   3  18 51  290   23 39   9 288   2 -4.6 11  19 46  54  19 15  B
 2030 June  1 11 21   Sat 
                    0 Sat  June  1  19 14  298    7 53   1 297   2 -3.7  4  19 26  13  19 19  F
                    1 Sun  June  2  19 14  299   31 53  10 290   9 -5.0 14  20 15  60  19 41  A
 2030 July  1 02 34   Mon 
                    0 Mon  July  1  19 23  300   16 49   2 292   7 -4.3  8  19 39  15  19 30  F
                    1 Tues July  2  19 23  300   40 49   9 283  16 -5.5 19  20 16  53  19 47  A
 2030 July 30 16 11   Tues
                    0 Tues July 30  19 09  294    2 58  -4 290   4 -3.8  4  18 51 -18  19 01  F
                    1 Wed  July 31  19 09  293   26 58   2 280  13 -4.9 14  19 25  16  19 16  F
                    2 Thur Aug   1  19 08  293   50 57   9 269  24 -6.1 26  19 56  48  19 29  A
 2030 Aug  29 04 07   Thur
                    0 Thur Aug  29  18 35  282   14 28  -2 273   9 -4.4  9  18 28  -6  18 32  F
                    1 Fri  Aug  30  18 33  282   38 26   4 262  20 -5.6 21  19 00  27  18 45  B
 2030 Sept 27 14 55   Fri 
                    0 Fri  Sept 27  17 53  268    2 58  -5 265   4 -3.9  5  17 32 -21  17 44  F
                    1 Sat  Sept 28  17 51  268   26 56   2 253  15 -5.1 15  18 08  17  17 59  F
                    2 Sun  Sept 29  17 50  267   50 55  10 241  26 -6.4 28  18 49  59  18 16  A
 2030 Oct  27 01 17   Sun 
                    0 Sun  Oct  27  17 13  255   15 56   1 246   9 -4.4  9  17 25  12  17 18  F
                    1 Mon  Oct  28  17 12  254   39 55  10 234  20 -5.9 23  18 16  65  17 40  A
 2030 Nov  25 11 46   Mon 
                    0 Mon  Nov  25  16 50  245    5 04   0 242   2 -3.6  3  16 55   5  16 53  F
                    1 Tues Nov  26  16 50  244   29 04  10 232  12 -5.3 17  17 58  68  17 20  A
 2030 Dec  24 22 32   Tues
                    1 Wed  Dec  25  16 55  241   18 23   9 237   4 -4.6 11  17 51  56  17 20  B
                    2 Thur Dec  26  16 55  241   42 23  20 229  12 -6.1 25  19 03 128  17 52  A
 2031 Jan  23 09 31   Thur
                    0 Thur Jan  23  17 20  246    7 49   4 249  -2 -4.1  6  17 47  28  17 32  F
                    1 Fri  Jan  24  17 21  247   31 50  17 244   3 -5.5 19  18 58  97  18 04  A
 2031 Feb  21 20 49   Fri 
                    1 Sat  Feb  22  17 51  258   21 02  11 260  -2 -4.8 13  18 50  60  18 17  A
 2031 Mar  23 08 49   Sun 
                    0 Sun  Mar  23  18 17  272    9 28   4 275  -3 -4.0  6  18 41  24  18 27  F
                    1 Mon  Mar  24  18 17  272   33 28  16 272   1 -5.3 17  19 43  86  18 56  A
 2031 Apr  21 21 57   Mon 
                    1 Tues Apr  22  18 42  286   20 45   8 284   2 -4.5 10  19 31  49  19 04  B
                    2 Wed  Apr  23  18 43  286   44 46  19 280   6 -5.7 22  20 28 106  19 30  A
 2031 May  21 12 17   Wed 
                    0 Wed  May  21  19 06  296    6 49   1 294   2 -3.7  3  19 15   9  19 10  F
                    1 Thur May  22  19 07  296   30 50  10 288   8 -5.0 14  20 07  61  19 33  A
 2031 June 20 03 25   Fri 
                    0 Fri  June 20  19 22  300   15 57   2 293   7 -4.2  8  19 37  14  19 29  F
                    1 Sat  June 21  19 22  300   39 57   9 285  15 -5.4 19  20 17  55  19 47  A
 2031 July 19 18 40   Sat 
                    0 Sat  July 19  19 18  297    0 38  -5 294   3 -3.8  4  18 55 -23  19 08  F
                    1 Sun  July 20  19 17  296   24 37   2 285  12 -4.7 12  19 30  13  19 23  F
                    2 Mon  July 21  19 16  296   48 36   8 276  21 -5.8 23  20 02  46  19 37  A
 2031 Aug  18 09 32   Mon 
                    0 Mon  Aug  18  18 50  287    9 18  -4 280   6 -4.1  7  18 36 -14  18 43  F
                    1 Tues Aug  19  18 48  286   33 16   3 271  16 -5.2 16  19 06  18  18 56  F
                    2 Wed  Aug  20  18 47  286   57 15   9 261  25 -6.3 27  19 36  49  19 09  A
 2031 Sept 16 23 47   Tues
                    1 Wed  Sept 17  18 08  273   18 21   0 264  10 -4.4 10  18 10   2  18 09  F
                    2 Thur Sept 18  18 06  273   42 19   6 253  20 -5.7 21  18 43  37  18 23  A
 2031 Oct  16 13 21   Thur
                    0 Thur Oct  16  17 26  260    4 05  -2 257   3 -3.6  3  17 18  -9  17 23  F
                    1 Fri  Oct  17  17 25  259   28 04   5 246  13 -5.0 15  17 57  32  17 39  C
                    2 Sat  Oct  18  17 24  259   52 03  13 235  23 -6.3 27  18 42  78  17 59  A
 2031 Nov  15 02 10   Sat 
                    0 Sat  Nov  15  16 56  248   14 46   4 242   6 -4.3  8  17 23  27  17 08  F
                    1 Sun  Nov  16  16 55  247   38 45  13 232  16 -5.7 22  18 19  84  17 32  A
 2031 Dec  14 14 06   Sun 
                    0 Sun  Dec  14  16 50  242    2 44   1 243  -1 -3.7  3  17 02  13  16 55  F
                    1 Mon  Dec  15  16 50  241   26 44  12 234   8 -5.1 16  18 08  79  17 25  A
 2032 Jan  13 01 07   Tues
                    0 Tues Jan  13  17 10  244   16 03   9 243   0 -4.6 11  18 04  55  17 34  B
                    1 Wed  Jan  14  17 11  244   40 04  22 237   7 -6.0 24  19 17 126  18 07  A
 2032 Feb  11 11 24   Wed 
                    0 Wed  Feb  11  17 39  253    6 15   3 257  -3 -4.0  6  18 01  21  17 49  F
                    1 Thur Feb  12  17 40  254   30 16  17 252   1 -5.4 18  19 13  92  18 21  A
 2032 Mar  11 21 25   Thur
                    1 Fri  Mar  12  18 08  267   20 43  10 267   0 -4.7 12  19 06  59  18 34  A
 2032 Apr  10 07 39   Sat 
                    0 Sat  Apr  10  18 32  281   10 53   4 280   0 -4.0  6  18 59  27  18 44  F
                    1 Sun  Apr  11  18 33  281   34 54  16 276   5 -5.4 19  20 04  91  19 14  A
 2032 May   9 18 36   Sun 
                    0 Sun  May   9  18 57  293    0 21  -2 292   1 -3.4  1  18 50  -6  18 54  F
                    1 Mon  May  10  18 58  293   24 22   9 286   7 -4.8 13  19 51  53  19 21  B
 2032 June  8 06 32   Tues
                    0 Tues June  8  19 18  299   12 46   1 293   7 -4.2  7  19 29  11  19 23  F
                    1 Wed  June  9  19 19  300   36 47  10 285  14 -5.4 18  20 17  59  19 45  A
 2032 July  7 19 41   Wed 
                    1 Thur July  8  19 22  299   23 41   2 287  11 -4.7 12  19 38  16  19 29  F
                    2 Fri  July  9  19 22  299   47 41   9 279  20 -5.8 23  20 14  52  19 45  A
 2032 Aug   6 10 11   Fri 
                    0 Fri  Aug   6  19 02  291    8 51  -3 285   6 -4.0  6  18 49 -13  18 56  F
                    1 Sat  Aug   7  19 01  291   32 50   3 276  15 -5.1 16  19 21  20  19 10  F
                    2 Sun  Aug   8  19 00  290   56 49   9 267  24 -6.2 26  19 51  51  19 23  A
 2032 Sept  5 01 57   Sun 
                    0 Sun  Sept  5  18 24  279   16 27  -1 271   8 -4.3  8  18 25   0  18 24  F
                    1 Mon  Sept  6  18 23  278   40 26   6 261  17 -5.4 19  18 55  32  18 37  B
 2032 Oct   4 18 26   Mon 
                    1 Tues Oct   5  17 40  264   23 14   3 255  10 -4.6 11  18 02  21  17 50  F
                    2 Wed  Oct   6  17 39  264   47 13  10 245  19 -5.8 22  18 37  58  18 05  A
 2032 Nov   3 10 45   Wed 
                    0 Wed  Nov   3  17 05  252    6 20   1 250   2 -3.7  3  17 15  10  17 09  F
                    1 Thur Nov   4  17 04  251   30 19   9 240  11 -5.0 15  17 58  54  17 28  A
 2032 Dec   3 01 53   Fri 
                    0 Fri  Dec   3  16 49  243   14 56   6 240   3 -4.3  9  17 30  42  17 07  D
                    1 Sat  Dec   4  16 49  243   38 56  16 231  12 -5.7 21  18 28  99  17 33  A
 2033 Jan   1 15 17   Sat 
                    0 Sat  Jan   1  17 00  242    1 43   2 245  -3 -3.9  5  17 14  14  17 06  F
                    1 Sun  Jan   2  17 00  242   25 43  13 238   4 -5.1 15  18 19  79  17 35  A
 2033 Jan  31 03 00   Mon 
                    0 Mon  Jan  31  17 29  249   14 29   8 250  -1 -4.4 10  18 15  46  17 49  C
                    1 Tues Feb   1  17 30  250   38 30  21 245   5 -5.8 23  19 25 115  18 21  A
 2033 Mar   1 13 23   Tues
                    0 Tues Mar   1  17 58  262    4 35   2 264  -2 -3.8  4  18 10  12  18 03  F
                    1 Wed  Mar   2  17 59  262   28 36  15 260   2 -5.3 17  19 22  83  18 36  A
 2033 Mar  30 22 52   Wed 
                    1 Thur Mar  31  18 24  276   19 32   9 273   3 -4.6 12  19 17  53  18 47  B
                    2 Fri  Apr   1  18 25  277   43 33  23 269   8 -6.1 25  20 27 122  19 19  A
 2033 Apr  29 07 46   Fri 
                    0 Fri  Apr  29  18 48  289   11 02   3 285   4 -4.1  7  19 11  23  18 58  F
                    1 Sat  Apr  30  18 49  289   35 03  16 279  10 -5.6 20  20 18  89  19 28  A
 2033 May  28 16 36   Sat 
                    0 Sat  May  28  19 11  298    2 35  -3 294   4 -3.8  4  19 02 -10  19 07  F
                    1 Sun  May  29  19 12  298   26 36   8 286  11 -5.1 15  20 02  50  19 34  B
 2033 June 27 02 07   Mon 
                    0 Mon  June 27  19 23  300   17 16   1 290  10 -4.5 10  19 35  12  19 29  F
                    1 Tues June 28  19 23  300   41 16  10 282  18 -5.7 22  20 20  57  19 49  A
 2033 July 26 13 12   Tues
                    0 Tues July 26  19 13  295    6 01  -4 290   5 -3.9  6  18 57 -15  19 06  F
                    1 Wed  July 27  19 12  294   30 00   4 280  14 -5.1 15  19 35  23  19 22  F
                    2 Thur July 28  19 11  294   53 59  11 271  23 -6.2 26  20 10  59  19 37  A
 2033 Aug  25 02 40   Thur
                    0 Thur Aug  25  18 40  284   16 00   0 276   8 -4.2  8  18 43   3  18 41  F
                    1 Fri  Aug  26  18 39  283   39 59   6 266  17 -5.4 19  19 15  36  18 55  B
 2033 Sept 23 18 40   Fri 
                    1 Sat  Sept 24  17 57  270   23 17   4 261   9 -4.5 11  18 19  23  18 07  F
                    2 Sun  Sept 25  17 55  269   47 15  10 251  18 -5.7 21  18 51  56  18 20  A
 2033 Oct  23 12 28   Sun 
                    0 Sun  Oct  23  17 17  256    4 49   1 255   1 -3.6  3  17 26   9  17 21  F
                    1 Mon  Oct  24  17 16  256   28 48   8 246   9 -4.9 13  18 02  46  17 36  B
 2033 Nov  22 06 39   Tues
                    0 Tues Nov  22  16 51  245   10 12   4 244   1 -4.0  6  17 21  29  17 05  F
                    1 Wed  Nov  23  16 51  245   34 12  12 236   9 -5.2 17  18 06  75  17 24  A
 2033 Dec  21 23 46   Wed 
                    1 Thur Dec  22  16 53  241   17 07   8 240   1 -4.5 10  17 43  50  17 15  C
                    2 Fri  Dec  23  16 53  241   41 07  17 232   9 -5.7 21  18 40 107  17 41  A
 2034 Jan  20 15 01   Fri 
                    0 Fri  Jan  20  17 17  246    2 16   1 249  -4 -3.8  5  17 28  11  17 22  F
                    1 Sat  Jan  21  17 18  246   26 17  12 243   2 -5.0 14  18 31  73  17 50  A
 2034 Feb  19 04 10   Sun 
                    0 Sun  Feb  19  17 48  257   13 38   6 257   0 -4.2  8  18 24  36  18 04  E
                    1 Mon  Feb  20  17 49  257   37 39  19 252   5 -5.7 21  19 32 103  18 35  A
 2034 Mar  20 15 14   Mon 
                    0 Mon  Mar  20  18 14  271    3 00   0 270   0 -3.5  2  18 18   4  18 16  F
                    1 Tues Mar  21  18 15  271   27 01  13 266   5 -5.1 16  19 28  73  18 47  A
 2034 Apr  19 00 26   Wed 
                    0 Wed  Apr  19  18 39  285   18 13   8 278   6 -4.6 11  19 24  45  18 59  C
                    1 Thur Apr  20  18 40  285   42 14  21 273  12 -6.1 25  20 34 114  19 31  A
 2034 May  18 08 12   Thur
                    0 Thur May  18  19 04  295   10 52   2 288   7 -4.2  8  19 19  15  19 10  F
                    1 Fri  May  19  19 04  295   34 52  14 282  14 -5.7 21  20 26  81  19 40  A
 2034 June 16 15 26   Fri 
                    0 Fri  June 16  19 21  300    3 55  -3 295   5 -3.9  5  19 08 -13  19 15  F
                    1 Sat  June 17  19 22  300   27 56   8 286  14 -5.2 17  20 07  45  19 42  B
 2034 July 15 23 15   Sat 
                    1 Sun  July 16  19 19  297   20 04   2 286  11 -4.7 12  19 36  17  19 26  F
                    2 Mon  July 17  19 19  297   44 04  11 277  20 -6.0 24  20 19  61  19 46  A
 2034 Aug  14 08 53   Mon 
                    0 Mon  Aug  14  18 54  288   10 01  -1 283   6 -4.0  6  18 54   0  18 54  F
                    1 Tues Aug  15  18 53  288   34 00   7 273  15 -5.3 17  19 31  38  19 10  B
 2034 Sept 12 21 14   Tues
                    1 Wed  Sept 13  18 13  275   20 59   4 267   8 -4.5 10  18 38  24  18 24  F
                    2 Thur Sept 14  18 12  275   44 58  11 257  18 -5.7 22  19 11  59  18 38  A
 2034 Oct  12 12 33   Thur
                    0 Thur Oct  12  17 31  261    4 58   2 261   1 -3.7  3  17 43  12  17 37  F
                    1 Fri  Oct  13  17 30  261   28 57   8 251  10 -4.9 14  18 17  47  17 51  B
 2034 Nov  11 06 16   Sat 
                    0 Sat  Nov  11  16 58  249   10 42   5 248   1 -4.1  7  17 28  30  17 12  F
                    1 Sun  Nov  12  16 58  248   34 42  12 239  10 -5.2 16  18 07  70  17 29  A
 2034 Dec  11 01 14   Mon 
                    0 Mon  Dec  11  16 49  242   15 35   7 241   1 -4.3  9  17 32  43  17 08  D
                    1 Tues Dec  12  16 49  242   39 35  15 233   9 -5.4 19  18 20  91  17 30  A
 2035 Jan   9 20 03   Tues
                    1 Wed  Jan  10  17 07  243   21 04   9 241   2 -4.5 11  18 00  53  17 31  B
                    2 Thur Jan  11  17 08  243   45 05  18 235   8 -5.7 21  18 56 108  17 56  A
 2035 Feb   8 13 22   Thur
                    0 Thur Feb   8  17 37  252    4 15   1 253  -1 -3.6  3  17 46   9  17 41  F
                    1 Fri  Feb   9  17 38  252   28 16  12 249   4 -4.9 14  18 45  68  18 08  A
 2035 Mar  10 04 09   Sat 
                    0 Sat  Mar  10  18 05  266   13 56   5 263   3 -4.2  7  18 36  31  18 19  F
                    1 Sun  Mar  11  18 06  266   37 57  17 259   7 -5.6 20  19 40  94  18 48  A
 2035 Apr   8 15 58   Sun 
                    0 Sun  Apr   8  18 30  280    2 32  -1 276   3 -3.7  3  18 28  -2  18 29  F
                    1 Mon  Apr   9  18 31  280   26 33  12 272   8 -5.1 15  19 36  65  19 00  A
 2035 May   8 01 04   Tues
                    0 Tues May   8  18 55  292   17 51   6 283   9 -4.7 12  19 32  37  19 12  D
                    1 Wed  May   9  18 56  292   41 52  19 278  15 -6.1 25  20 41 105  19 43  A
 2035 June  6 08 21   Wed 
                    0 Wed  June  6  19 17  299   10 56   1 291   8 -4.3  8  19 26   9  19 21  F
                    1 Thur June  7  19 17  299   34 56  13 284  16 -5.7 21  20 30  73  19 50  A
 2035 July  5 14 59   Thur
                    0 Thur July  5  19 23  299    4 24  -3 295   5 -3.9  5  19 11 -11  19 18  F
                    1 Fri  July  6  19 23  299   28 24   8 285  14 -5.2 17  20 08  45  19 43  B
 2035 Aug   3 22 12   Fri 
                    1 Sat  Aug   4  19 05  292   20 53   4 282  10 -4.7 12  19 32  27  19 17  F
                    2 Sun  Aug   5  19 04  292   44 52  13 271  21 -6.1 25  20 14  70  19 35  A
 2035 Sept  2 06 59   Sun 
                    0 Sun  Sept  2  18 30  280   11 31   2 275   5 -4.0  6  18 46  16  18 37  F
                    1 Mon  Sept  3  18 28  280   35 29  10 265  15 -5.5 19  19 23  55  18 52  A
 2035 Oct   1 18 07   Mon 
                    1 Tues Oct   2  17 46  266   23 39   8 258   9 -4.8 13  18 29  43  18 05  B
 2035 Oct  31 07 59   Wed 
                    0 Wed  Oct  31  17 09  253    9 10   5 252   1 -4.1  6  17 37  29  17 21  F
                    1 Thur Nov   1  17 08  253   33 09  11 242  10 -5.2 17  18 15  67  17 37  A
 2035 Nov  30 00 37   Fri 
                    0 Fri  Nov  30  16 49  244   16 12   7 241   2 -4.4  9  17 32  43  17 08  D
                    1 Sat  Dec   1  16 49  243   40 12  14 233  11 -5.5 19  18 16  88  17 28  A
 2035 Dec  29 19 31   Sat 
                    1 Sun  Dec  30  16 58  242   21 27   8 239   3 -4.5 10  17 48  51  17 20  C
                    2 Mon  Dec  31  16 58  242   45 27  16 232  10 -5.6 21  18 40 101  17 43  A
 2036 Jan  28 15 17   Mon 
                    0 Mon  Jan  28  17 25  248    2 08   0 249  -1 -3.5  2  17 28   3  17 26  F
                    1 Tues Jan  29  17 26  248   26 09   9 244   4 -4.7 12  18 22  56  17 51  B
