 year  h   cd conj  f wk   mon  day  set   Saz    age  Alt Maz  dz  Mag El  mset  lag   best  cat
 2025 Jan  29 17 36   Wed 
                    0 Wed  Jan  29  17 36  249    0 00  -3 245   4 -3.7  4  17 23 -13  17 30  F
                    1 Thur Jan  30  17 37  249   24 01  10 242   7 -4.9 13  18 33  57  18 02  A
 2025 Feb  28 05 45   Fri 
                    0 Fri  Feb  28  18 03  261   12 18   5 259   2 -4.1  7  18 32  29  18 16  F
                    1 Sat  Mar   1  18 04  262   36 19  19 258   4 -5.6 21  19 43  99  18 48  A
 2025 Mar  29 15 58   Sat 
                    0 Sat  Mar  29  18 26  275    2 28   0 276  -1 -3.5  2  18 29   3  18 27  F
                    1 Sun  Mar  30  18 27  275   26 29  14 275   0 -5.1 16  19 42  76  19 00  A
 2025 Apr  28 00 31   Mon 
                    0 Mon  Apr  28  18 48  288   18 17  10 289  -1 -4.7 12  19 46  58  19 14  A
 2025 May  27 08 02   Tues
                    0 Tues May  27  19 10  297   11 08   6 298  -1 -4.3  8  19 51  41  19 28  E
                    1 Wed  May  28  19 10  297   35 08  19 292   5 -5.7 21  21 01 111  20 00  A
 2025 June 25 15 32   Wed 
                    0 Wed  June 25  19 22  299    3 50   3 301  -2 -3.9  5  19 44  22  19 32  F
                    1 Thur June 26  19 22  299   27 50  13 292   7 -5.2 16  20 39  77  19 56  A
 2025 July 25 00 11   Fri 
                    0 Fri  July 25  19 13  294   19 02   7 289   6 -4.5 11  19 55  42  19 32  C
                    1 Sat  July 26  19 12  294   43 01  14 278  16 -5.8 23  20 27  75  19 46  A
 2025 Aug  23 11 07   Sat 
                    0 Sat  Aug  23  18 45  284    7 38   1 282   2 -3.8  4  18 56  11  18 50  F
                    1 Sun  Aug  24  18 43  284   31 36   7 271  13 -5.1 16  19 22  39  19 01  B
 2025 Sept 22 00 54   Mon 
                    0 Mon  Sept 22  18 04  271   17 10   1 263   8 -4.3  8  18 14  10  18 09  F
                    1 Tues Sept 23  18 03  270   41 09   6 252  18 -5.5 19  18 39  36  18 19  B
 2025 Oct  21 17 25   Tues
                    0 Tues Oct  21  17 27  257    0 02  -4 256   2 -3.7  3  17 08 -19  17 18  F
                    1 Wed  Oct  22  17 26  257   24 01   1 246  11 -4.7 12  17 36  11  17 30  F
                    2 Thur Oct  23  17 24  257   47 59   7 236  21 -5.8 22  18 08  44  17 44  A
 2025 Nov  20 11 47   Thur
                    0 Thur Nov  20  17 02  247    5 15  -4 242   5 -3.9  5  16 45 -17  16 55  F
                    1 Fri  Nov  21  17 02  246   29 15   3 233  13 -4.9 14  17 26  25  17 13  F
                    2 Sat  Nov  22  17 01  246   53 14  10 224  22 -6.0 25  18 14  73  17 34  A
 2025 Dec  20 06 43   Sat 
                    0 Sat  Dec  20  17 03  242   10 20  -1 236   7 -4.1  7  17 03   0  17 03  F
                    1 Sun  Dec  21  17 03  242   34 20   8 229  13 -5.2 16  18 00  57  17 29  A
 2026 Jan  19 00 52   Mon 
                    0 Mon  Jan  19  17 26  246   16 34   4 240   6 -4.3  8  17 55  30  17 39  F
                    1 Tues Jan  20  17 27  246   40 35  16 237  10 -5.5 20  18 58  92  18 07  A
 2026 Feb  17 17 01   Tues
                    0 Tues Feb  17  17 53  256    0 52  -2 255   1 -3.4  1  17 49  -4  17 52  F
                    1 Wed  Feb  18  17 54  257   24 53  11 254   3 -4.8 13  18 53  59  18 20  A
 2026 Mar  19 06 23   Thur
                    0 Thur Mar  19  18 18  270   11 55   5 271  -1 -4.1  7  18 47  29  18 31  F
                    1 Fri  Mar  20  18 19  271   35 56  18 270   0 -5.6 20  19 55  97  19 02  A
 2026 Apr  17 16 52   Fri 
                    0 Fri  Apr  17  18 40  283    1 48   0 287  -4 -3.8  4  18 45   5  18 42  F
                    1 Sat  Apr  18  18 41  284   25 49  14 285  -1 -5.1 16  19 59  78  19 15  A
 2026 May  17 01 01   Sun 
                    0 Sun  May  17  19 03  294   18 02  10 295   0 -4.7 12  20 05  62  19 30  A
 2026 June 15 07 54   Mon 
                    0 Mon  June 15  19 19  299   11 25   6 299   0 -4.3  8  20 01  42  19 38  E
                    1 Tues June 16  19 20  299   35 26  17 290  10 -5.7 21  21 00 100  20 04  A
 2026 July 14 14 44   Tues
                    0 Tues July 14  19 19  297    4 35   2 297   0 -3.8  4  19 36  17  19 27  F
                    1 Wed  July 15  19 19  297   28 35  11 286  11 -5.2 17  20 20  61  19 46  A
 2026 Aug  12 22 37   Wed 
                    1 Thur Aug  13  18 56  288   20 19   5 279   9 -4.6 11  19 24  28  19 09  F
                    2 Fri  Aug  14  18 55  288   44 18  11 267  21 -6.0 24  19 54  58  19 21  A
 2026 Sept 11 08 27   Fri 
                    0 Fri  Sept 11  18 20  276    9 53  -1 270   6 -4.0  6  18 20   0  18 20  F
                    1 Sat  Sept 12  18 19  275   33 52   5 259  17 -5.4 18  18 48  29  18 32  C
                    2 Sun  Sept 13  18 17  275   57 50  11 247  28 -6.5 30  19 16  59  18 43  A
 2026 Oct  10 20 50   Sat 
                    1 Sun  Oct  11  17 39  262   20 49   0 251  11 -4.6 11  17 45   6  17 42  F
                    2 Mon  Oct  12  17 38  262   44 48   6 240  21 -5.8 23  18 17  39  17 55  A
 2026 Nov   9 12 02   Mon 
                    0 Mon  Nov   9  17 09  250    5 07  -4 245   5 -3.9  6  16 51 -18  17 01  F
                    1 Tues Nov  10  17 08  250   29 06   3 236  14 -5.0 15  17 30  22  17 18  F
                    2 Wed  Nov  11  17 07  249   53 05  10 227  23 -6.1 25  18 14  67  17 37  A
 2026 Dec   9 05 52   Wed 
                    0 Wed  Dec   9  16 59  243   11 07  -1 236   7 -4.1  7  16 59  -1  16 59  F
                    1 Thur Dec  10  16 59  243   35 07   8 229  14 -5.2 16  17 52  52  17 23  B
 2027 Jan   8 01 24   Fri 
                    0 Fri  Jan   8  17 15  244   15 51   3 238   5 -4.2  7  17 40  25  17 26  F
                    1 Sat  Jan   9  17 16  244   39 52  13 234  10 -5.4 18  18 38  82  17 53  A
 2027 Feb   6 20 56   Sat 
                    1 Sun  Feb   7  17 44  252   20 48   8 250   2 -4.4 10  18 28  44  18 03  C
                    2 Mon  Feb   8  17 45  253   44 49  19 248   4 -5.6 21  19 26 101  18 30  A
 2027 Mar   8 14 29   Mon 
                    0 Mon  Mar   8  18 09  265    3 40   0 267  -2 -3.7  3  18 16   6  18 12  F
                    1 Tues Mar   9  18 10  265   27 41  12 266  -1 -4.9 14  19 15  65  18 39  A
 2027 Apr   7 04 51   Wed 
                    0 Wed  Apr   7  18 32  279   13 41   6 282  -3 -4.3  8  19 08  36  18 48  E
                    1 Thur Apr   8  18 33  279   37 42  18 280  -1 -5.6 20  20 14 101  19 18  A
 2027 May   6 15 59   Thur
                    0 Thur May   6  18 54  291    2 55   1 295  -4 -3.9  5  19 06  12  18 59  F
                    1 Fri  May   7  18 55  291   26 56  14 291   0 -5.1 16  20 17  82  19 31  A
 2027 June  5 00 40   Sat 
                    0 Sat  June  5  19 15  298   18 35   9 296   2 -4.6 11  20 13  58  19 41  B
                    1 Sun  June  6  19 15  298   42 35  21 287  11 -6.0 25  21 13 117  20 07  A
 2027 July  4 08 02   Sun 
                    0 Sun  July  4  19 22  298   11 20   4 295   3 -4.1  7  19 51  30  19 35  F
                    1 Mon  July  5  19 22  298   35 20  14 284  14 -5.6 21  20 38  76  19 55  A
 2027 Aug   2 15 05   Mon 
                    0 Mon  Aug   2  19 07  292    4 02   0 290   2 -3.6  2  19 09   2  19 08  F
                    1 Tues Aug   3  19 06  292   28 01   7 278  14 -5.2 17  19 47  40  19 24  B
 2027 Aug  31 22 41   Tues
                    1 Wed  Sept  1  18 34  280   19 53   2 269  11 -4.7 12  18 47  13  18 39  F
                    2 Thur Sept  2  18 32  280   43 51   8 256  24 -6.1 26  19 18  46  18 53  A
 2027 Sept 30 07 36   Thur
                    0 Thur Sept 30  17 54  267   10 18  -2 260   7 -4.2  7  17 46  -8  17 50  F
                    1 Fri  Oct   1  17 53  267   34 17   4 248  19 -5.5 20  18 19  27  18 04  C
                    2 Sat  Oct   2  17 51  266   58 15  11 236  30 -6.7 32  18 56  65  18 20  A
 2027 Oct  29 18 37   Fri 
                    1 Sat  Oct  30  17 18  254   22 41   1 241  13 -4.8 13  17 30  12  17 23  F
                    2 Sun  Oct  31  17 17  254   46 40   9 231  22 -6.0 25  18 14  57  17 42  A
 2027 Nov  28 08 24   Sun 
                    0 Sun  Nov  28  17 00  245    8 36  -2 239   6 -4.0  6  16 54  -5  16 57  F
                    1 Mon  Nov  29  16 59  245   32 35   7 231  14 -5.2 16  17 47  48  17 21  B
 2027 Dec  28 01 12   Tues
                    0 Tues Dec  28  17 07  242   15 55   3 237   6 -4.2  8  17 32  25  17 18  F
                    1 Wed  Dec  29  17 07  242   39 55  13 231  11 -5.4 19  18 31  84  17 45  A
 2028 Jan  26 20 12   Wed 
                    1 Thur Jan  27  17 33  248   21 21   8 246   2 -4.4 10  18 19  46  17 53  C
                    2 Fri  Jan  28  17 34  249   45 22  18 243   5 -5.6 21  19 15 101  18 19  A
 2028 Feb  25 15 37   Fri 
                    0 Fri  Feb  25  18 00  260    2 23   0 262  -3 -3.7  3  18 04   4  18 02  F
                    1 Sat  Feb  26  18 01  260   26 24  11 261  -1 -4.8 13  18 59  58  18 27  A
 2028 Mar  26 09 31   Sun 
                    0 Sun  Mar  26  18 24  274    8 53   3 278  -4 -4.0  6  18 44  20  18 33  F
                    1 Mon  Mar  27  18 25  274   32 54  14 276  -2 -5.2 16  19 41  77  18 59  A
 2028 Apr  25 00 47   Tues
                    0 Tues Apr  25  18 46  287   17 59   8 289  -2 -4.5 10  19 34  48  19 07  C
                    1 Wed  Apr  26  18 47  287   42 00  19 286   2 -5.7 21  20 36 109  19 36  A
 2028 May  24 13 16   Wed 
                    0 Wed  May  24  19 08  296    5 52   3 298  -2 -3.9  5  19 27  20  19 17  F
                    1 Thur May  25  19 09  296   29 53  13 292   4 -5.1 16  20 28  80  19 44  A
 2028 June 22 23 27   Thur
                    1 Fri  June 23  19 21  299   19 54   7 293   6 -4.6 11  20 06  45  19 41  C
                    2 Sat  June 24  19 22  299   43 55  17 283  16 -6.0 24  20 52  91  20 02  A
 2028 July 22 08 02   Sat 
                    0 Sat  July 22  19 15  295   11 13   1 289   6 -4.1  7  19 27  12  19 20  F
                    1 Sun  July 23  19 14  295   35 12   9 278  17 -5.6 20  20 05  51  19 37  A
 2028 Aug  20 15 44   Sun 
                    0 Sun  Aug  20  18 48  285    3 04  -3 282   3 -3.7  4  18 35 -13  18 42  F
                    1 Mon  Aug  21  18 47  285   27 03   4 269  16 -5.2 17  19 10  23  18 57  D
                    2 Tues Aug  22  18 45  284   51 01  11 256  28 -6.6 31  19 44  58  19 11  A
 2028 Sept 18 23 24   Mon 
                    1 Tues Sept 19  18 08  272   18 44   0 260  12 -4.7 12  18 13   4  18 10  F
                    2 Wed  Sept 20  18 07  271   42 43   7 247  24 -6.1 26  18 49  43  18 26  A
 2028 Oct  18 07 57   Wed 
                    0 Wed  Oct  18  17 30  259    9 33  -3 251   7 -4.2  7  17 20 -10  17 26  F
                    1 Thur Oct  19  17 29  258   33 32   5 240  19 -5.6 20  18 04  35  17 44  B
 2028 Nov  16 18 18   Thur
                    1 Fri  Nov  17  17 03  247   22 45   4 236  12 -4.8 13  17 32  29  17 16  F
                    2 Sat  Nov  18  17 03  247   46 45  13 226  21 -6.1 26  18 31  88  17 42  A
 2028 Dec  16 07 06   Sat 
                    0 Sat  Dec  16  17 01  242    9 55   1 238   4 -3.9  5  17 14  13  17 07  F
                    1 Sun  Dec  17  17 01  242   33 55  12 231  11 -5.3 18  18 18  76  17 35  A
 2029 Jan  14 22 24   Sun 
                    1 Mon  Jan  15  17 22  245   18 58   7 243   2 -4.4  9  18 07  45  17 42  C
                    2 Tues Jan  16  17 23  245   42 59  18 239   6 -5.7 21  19 07 104  18 09  A
 2029 Feb  13 15 31   Tues
                    0 Tues Feb  13  17 50  255    2 19   0 258  -3 -3.7  4  17 55   5  17 52  F
                    1 Wed  Feb  14  17 51  255   26 20  11 256  -1 -4.8 13  18 52  61  18 18  A
 2029 Mar  15 09 19   Thur
                    0 Thur Mar  15  18 15  268    8 56   3 272  -4 -4.1  6  18 35  20  18 24  F
                    1 Fri  Mar  16  18 16  269   32 57  14 271  -2 -5.1 16  19 30  74  18 49  A
 2029 Apr  14 02 40   Sat 
                    0 Sat  Apr  14  18 38  282   15 58   6 285  -3 -4.3  9  19 15  37  18 54  E
                    1 Sun  Apr  15  18 38  283   39 58  17 282   0 -5.4 19  20 12  93  19 20  A
 2029 May  13 18 42   Sun 
                    0 Sun  May  13  19 00  293    0 18   0 296  -3 -3.7  3  19 02   3  19 01  F
                    1 Mon  May  14  19 01  293   24 19  10 292   2 -4.7 12  19 59  58  19 26  B
 2029 June 12 08 50   Tues
                    0 Tues June 12  19 18  299   10 28   3 297   2 -3.9  5  19 39  21  19 27  F
                    1 Wed  June 13  19 19  299   34 29  12 289  10 -5.2 17  20 27  68  19 49  A
 2029 July 11 20 51   Wed 
                    1 Thur July 12  19 20  297   22 29   5 287  10 -4.7 12  19 48  28  19 32  F
                    2 Fri  July 13  19 19  297   46 28  12 277  20 -6.0 25  20 25  66  19 49  A
 2029 Aug  10 06 56   Fri 
                    0 Fri  Aug  10  18 59  289   12 03  -1 281   8 -4.2  8  18 58  -1  18 59  F
                    1 Sat  Aug  11  18 58  289   36 02   6 270  19 -5.6 20  19 32  34  19 13  B
 2029 Sept  8 15 44   Sat 
                    0 Sat  Sept  8  18 24  277    2 40  -5 273   4 -3.9  5  18 03 -21  18 14  F
                    1 Sun  Sept  9  18 22  277   26 38   2 261  16 -5.2 16  18 38  16  18 29  F
                    2 Mon  Sept 10  18 21  276   50 37  10 249  28 -6.5 30  19 15  54  18 45  A
 2029 Oct   8 00 14   Mon 
                    0 Mon  Oct   8  17 43  263   17 29   0 252  11 -4.6 11  17 48   5  17 45  F
                    1 Tues Oct   9  17 41  263   41 27   8 240  23 -6.0 25  18 32  51  18 04  A
 2029 Nov   6 09 24   Tues
                    0 Tues Nov   6  17 11  251    7 47  -2 245   6 -4.0  6  17 07  -4  17 09  F
                    1 Wed  Nov   7  17 10  251   31 46   8 235  16 -5.4 19  18 02  52  17 33  A
 2029 Dec   5 19 52   Wed 
                    1 Thur Dec   6  16 59  243   21 07   7 235   8 -4.7 12  17 46  47  17 20  B
                    2 Fri  Dec   7  16 59  243   45 07  18 226  17 -6.1 26  18 54 115  17 50  A
 2030 Jan   4 07 49   Fri 
                    0 Fri  Jan   4  17 12  243    9 23   4 242   1 -4.0  6  17 38  26  17 24  F
                    1 Sat  Jan   5  17 13  243   33 24  16 237   6 -5.4 19  18 45  92  17 54  A
 2030 Feb   2 21 07   Sat 
                    1 Sun  Feb   3  17 40  251   20 33  10 252  -1 -4.7 12  18 35  55  18 05  B
                    2 Mon  Feb   4  17 41  251   44 34  22 249   2 -5.9 23  19 36 115  18 32  A
 2030 Mar   4 11 35   Mon 
                    0 Mon  Mar   4  18 06  263    6 31   2 267  -4 -4.0  6  18 22  16  18 13  F
                    1 Tues Mar   5  18 07  263   30 32  14 266  -2 -5.1 16  19 20  73  18 40  A
 2030 Apr   3 03 02   Wed 
                    0 Wed  Apr   3  18 29  277   15 27   6 280  -3 -4.3  8  19 05  36  18 45  E
                    1 Thur Apr   4  18 30  278   39 28  17 278   0 -5.4 19  20 01  91  19 11  A
 2030 May   2 19 12   Thur
                    1 Fri  May   3  18 52  290   23 40   9 288   1 -4.6 11  19 45  53  19 16  B
 2030 June  1 11 21   Sat 
                    0 Sat  June  1  19 13  298    7 52   1 296   2 -3.7  4  19 25  13  19 18  F
                    1 Sun  June  2  19 13  298   31 52  10 290   8 -5.0 14  20 13  60  19 40  A
 2030 July  1 02 34   Mon 
                    0 Mon  July  1  19 22  299   16 48   2 291   7 -4.3  8  19 38  16  19 29  F
                    1 Tues July  2  19 22  299   40 48  10 283  16 -5.5 19  20 17  55  19 46  A
 2030 July 30 16 11   Tues
                    0 Tues July 30  19 09  293    2 58  -4 289   4 -3.8  4  18 53 -17  19 02  F
                    1 Wed  July 31  19 09  293   26 58   3 279  13 -4.9 14  19 27  18  19 17  F
                    2 Thur Aug   1  19 08  292   50 57  10 269  23 -6.1 26  20 00  52  19 31  A
 2030 Aug  29 04 07   Thur
                    0 Thur Aug  29  18 37  282   14 30  -2 273   9 -4.4  9  18 33  -4  18 35  F
                    1 Fri  Aug  30  18 36  281   38 29   5 262  20 -5.6 21  19 06  30  18 49  B
 2030 Sept 27 14 55   Fri 
                    0 Fri  Sept 27  17 58  268    3 03  -5 265   4 -3.9  5  17 39 -19  17 49  F
                    1 Sat  Sept 28  17 56  268   27 01   3 253  15 -5.1 15  18 16  20  18 05  F
                    2 Sun  Sept 29  17 55  267   51 00  11 242  26 -6.4 28  18 58  63  18 23  A
 2030 Oct  27 01 17   Sun 
                    0 Sun  Oct  27  17 20  255   16 03   2 246   9 -4.4  9  17 35  14  17 27  F
                    1 Mon  Oct  28  17 19  255   40 02  11 235  19 -5.9 23  18 27  67  17 49  A
 2030 Nov  25 11 46   Mon 
                    0 Mon  Nov  25  17 00  245    5 14   0 243   2 -3.6  3  17 06   6  17 03  F
                    1 Tues Nov  26  17 00  245   29 14  11 233  12 -5.3 17  18 09  69  17 31  A
 2030 Dec  24 22 32   Tues
                    1 Wed  Dec  25  17 05  242   18 33   9 238   4 -4.6 11  18 01  56  17 30  B
                    2 Thur Dec  26  17 06  242   42 34  21 231  11 -6.1 25  19 12 126  18 02  A
 2031 Jan  23 09 31   Thur
                    0 Thur Jan  23  17 29  247    7 58   4 249  -2 -4.1  6  17 56  27  17 41  F
                    1 Fri  Jan  24  17 30  247   31 59  17 245   2 -5.5 19  19 05  95  18 13  A
 2031 Feb  21 20 49   Fri 
                    1 Sat  Feb  22  17 58  258   21 09  11 261  -2 -4.8 13  18 55  58  18 23  A
 2031 Mar  23 08 49   Sun 
                    0 Sun  Mar  23  18 21  272    9 32   4 275  -3 -4.1  6  18 44  23  18 31  F
                    1 Mon  Mar  24  18 22  272   33 33  16 272   0 -5.3 18  19 46  84  18 59  A
 2031 Apr  21 21 57   Mon 
                    1 Tues Apr  22  18 43  285   20 46   8 284   1 -4.5 10  19 32  48  19 05  B
                    2 Wed  Apr  23  18 44  286   44 47  19 280   5 -5.7 22  20 28 104  19 30  A
 2031 May  21 12 17   Wed 
                    0 Wed  May  21  19 05  295    6 48   1 293   2 -3.7  3  19 15  10  19 10  F
                    1 Thur May  22  19 06  295   30 49  11 288   8 -5.0 14  20 07  60  19 33  A
 2031 June 20 03 25   Fri 
                    0 Fri  June 20  19 21  299   15 56   2 292   7 -4.2  8  19 36  15  19 28  F
                    1 Sat  June 21  19 21  299   39 56  10 285  14 -5.4 19  20 17  56  19 46  A
 2031 July 19 18 40   Sat 
                    0 Sat  July 19  19 17  296    0 37  -5 293   3 -3.8  4  18 56 -21  19 08  F
                    1 Sun  July 20  19 16  296   24 36   2 284  12 -4.7 12  19 31  15  19 23  F
                    2 Mon  July 21  19 16  295   48 36   9 275  20 -5.8 23  20 04  49  19 37  A
 2031 Aug  18 09 32   Mon 
                    0 Mon  Aug  18  18 51  286    9 19  -3 280   6 -4.1  7  18 39 -12  18 46  F
                    1 Tues Aug  19  18 50  286   33 18   3 270  16 -5.2 16  19 10  20  18 59  F
                    2 Wed  Aug  20  18 49  286   57 17  10 261  25 -6.3 27  19 42  53  19 12  A
 2031 Sept 16 23 47   Tues
                    1 Wed  Sept 17  18 12  273   18 25   0 264  10 -4.4 10  18 16   4  18 14  F
                    2 Thur Sept 18  18 11  273   42 24   7 253  19 -5.7 21  18 50  40  18 28  A
 2031 Oct  16 13 21   Thur
                    0 Thur Oct  16  17 33  260    4 12  -2 257   3 -3.6  3  17 25  -8  17 30  F
                    1 Fri  Oct  17  17 32  259   28 11   6 247  13 -5.0 15  18 06  34  17 47  C
                    2 Sat  Oct  18  17 31  259   52 10  14 236  23 -6.3 27  18 52  81  18 07  A
 2031 Nov  15 02 10   Sat 
                    0 Sat  Nov  15  17 05  248   14 55   4 243   6 -4.3  8  17 33  28  17 17  F
                    1 Sun  Nov  16  17 04  248   38 54  14 233  15 -5.7 22  18 29  85  17 42  A
 2031 Dec  14 14 06   Sun 
                    0 Sun  Dec  14  17 00  242    2 54   1 244  -1 -3.7  3  17 12  12  17 06  F
                    1 Mon  Dec  15  17 00  242   26 54  13 235   7 -5.2 16  18 18  78  17 35  A
 2032 Jan  13 01 07   Tues
                    0 Tues Jan  13  17 20  244   16 13   9 245   0 -4.6 11  18 13  53  17 43  B
                    1 Wed  Jan  14  17 21  245   40 14  22 239   6 -6.0 24  19 24 124  18 15  A
 2032 Feb  11 11 24   Wed 
                    0 Wed  Feb  11  17 47  254    6 23   3 257  -4 -4.0  6  18 08  20  17 57  F
                    1 Thur Feb  12  17 48  254   30 24  17 254   0 -5.4 19  19 18  90  18 28  A
 2032 Mar  11 21 25   Thur
                    1 Fri  Mar  12  18 13  267   20 48  10 268  -1 -4.7 12  19 10  57  18 38  A
 2032 Apr  10 07 39   Sat 
                    0 Sat  Apr  10  18 35  281   10 56   4 280   0 -4.0  6  19 01  26  18 47  F
                    1 Sun  Apr  11  18 36  281   34 57  17 277   4 -5.4 19  20 05  90  19 16  A
 2032 May   9 18 36   Sun 
                    0 Sun  May   9  18 57  292    0 21  -2 291   1 -3.4  1  18 51  -6  18 54  F
                    1 Mon  May  10  18 58  292   24 22   9 286   6 -4.8 13  19 51  53  19 21  B
 2032 June  8 06 32   Tues
                    0 Tues June  8  19 17  299   12 45   2 292   6 -4.2  7  19 29  13  19 22  F
                    1 Wed  June  9  19 17  299   36 45  11 285  14 -5.4 18  20 17  60  19 44  A
 2032 July  7 19 41   Wed 
                    1 Thur July  8  19 21  298   23 40   3 287  11 -4.7 12  19 39  18  19 29  F
                    2 Fri  July  9  19 21  298   47 40  10 278  19 -5.8 23  20 16  55  19 45  A
 2032 Aug   6 10 11   Fri 
                    0 Fri  Aug   6  19 03  290    8 52  -3 284   6 -4.0  6  18 51 -12  18 58  F
                    1 Sat  Aug   7  19 02  290   32 51   4 275  15 -5.1 16  19 24  22  19 12  F
                    2 Sun  Aug   8  19 01  290   56 50  10 266  23 -6.2 26  19 56  55  19 25  A
 2032 Sept  5 01 57   Sun 
                    0 Sun  Sept  5  18 27  278   16 30   0 270   8 -4.3  8  18 29   2  18 28  F
                    1 Mon  Sept  6  18 26  278   40 29   6 261  17 -5.4 19  19 01  35  18 41  B
 2032 Oct   4 18 26   Mon 
                    1 Tues Oct   5  17 46  264   23 20   4 255   9 -4.6 11  18 09  23  17 56  F
                    2 Wed  Oct   6  17 45  264   47 19  11 246  18 -5.8 22  18 45  61  18 12  A
 2032 Nov   3 10 45   Wed 
                    0 Wed  Nov   3  17 13  252    6 28   1 250   2 -3.7  3  17 24  10  17 18  F
                    1 Thur Nov   4  17 12  252   30 27   9 241  10 -5.1 15  18 07  55  17 37  A
 2032 Dec   3 01 53   Fri 
                    0 Fri  Dec   3  16 59  244   15 06   7 241   3 -4.3  9  17 40  41  17 17  D
                    1 Sat  Dec   4  16 59  243   39 06  16 232  11 -5.7 21  18 38  99  17 43  A
 2033 Jan   1 15 17   Sat 
                    0 Sat  Jan   1  17 10  243    1 53   2 246  -4 -3.9  5  17 23  13  17 16  F
                    1 Sun  Jan   2  17 11  243   25 54  13 240   3 -5.1 15  18 28  77  17 45  A
 2033 Jan  31 03 00   Mon 
                    0 Mon  Jan  31  17 38  250   14 38   8 251  -2 -4.4 10  18 22  45  17 57  C
                    1 Tues Feb   1  17 39  250   38 39  21 246   4 -5.8 23  19 31 113  18 29  A
 2033 Mar   1 13 23   Tues
                    0 Tues Mar   1  18 04  262    4 41   2 264  -3 -3.8  4  18 16  12  18 09  F
                    1 Wed  Mar   2  18 05  262   28 42  15 261   1 -5.3 17  19 26  81  18 41  A
 2033 Mar  30 22 52   Wed 
                    1 Thur Mar  31  18 27  276   19 35   9 274   2 -4.7 12  19 20  52  18 51  B
                    2 Fri  Apr   1  18 28  276   43 36  23 270   7 -6.1 26  20 29 120  19 22  A
 2033 Apr  29 07 46   Fri 
                    0 Fri  Apr  29  18 49  288   11 03   4 284   4 -4.1  7  19 12  23  18 59  F
                    1 Sat  Apr  30  18 50  289   35 04  16 279   9 -5.6 20  20 18  88  19 29  A
 2033 May  28 16 36   Sat 
                    0 Sat  May  28  19 10  297    2 34  -2 293   4 -3.8  4  19 02  -8  19 07  F
                    1 Sun  May  29  19 11  297   26 35   9 286  11 -5.1 15  20 02  51  19 34  B
 2033 June 27 02 07   Mon 
                    0 Mon  June 27  19 22  299   17 15   2 289  10 -4.5 10  19 36  14  19 28  F
                    1 Tues June 28  19 22  299   41 15  11 281  18 -5.7 22  20 21  59  19 48  A
 2033 July 26 13 12   Tues
                    0 Tues July 26  19 12  294    6 00  -3 289   5 -3.9  6  18 59 -14  19 06  F
                    1 Wed  July 27  19 12  294   30 00   4 280  14 -5.1 15  19 37  26  19 23  E
                    2 Thur July 28  19 11  293   53 59  12 271  23 -6.2 26  20 13  62  19 38  A
 2033 Aug  25 02 40   Thur
                    0 Thur Aug  25  18 42  283   16 02   0 276   8 -4.2  8  18 47   5  18 44  F
                    1 Fri  Aug  26  18 41  283   40 01   7 266  16 -5.4 19  19 19  39  18 58  B
 2033 Sept 23 18 40   Fri 
                    1 Sat  Sept 24  18 01  270   23 21   4 261   9 -4.5 11  18 25  24  18 12  F
                    2 Sun  Sept 25  18 00  269   47 20  11 252  18 -5.7 21  18 58  58  18 26  A
 2033 Oct  23 12 28   Sun 
                    0 Sun  Oct  23  17 24  257    4 56   1 256   1 -3.6  3  17 34   9  17 29  F
                    1 Mon  Oct  24  17 23  256   28 55   8 247   9 -4.9 13  18 10  47  17 44  B
 2033 Nov  22 06 39   Tues
                    0 Tues Nov  22  17 01  246   10 22   5 245   1 -4.1  6  17 30  29  17 14  F
                    1 Wed  Nov  23  17 01  246   34 22  13 237   9 -5.2 17  18 16  75  17 34  A
 2033 Dec  21 23 46   Wed 
                    1 Thur Dec  22  17 04  242   17 18   8 241   1 -4.5 10  17 53  49  17 25  C
                    2 Fri  Dec  23  17 04  242   41 18  18 234   8 -5.7 21  18 49 105  17 51  A
 2034 Jan  20 15 01   Fri 
                    0 Fri  Jan  20  17 27  246    2 26   1 250  -4 -3.8  5  17 37  11  17 31  F
                    1 Sat  Jan  21  17 28  247   26 27  13 245   2 -5.0 14  18 39  71  17 59  A
 2034 Feb  19 04 10   Sun 
                    0 Sun  Feb  19  17 55  257   13 45   6 258   0 -4.2  8  18 31  35  18 11  E
                    1 Mon  Feb  20  17 56  258   37 46  19 254   4 -5.7 21  19 37 101  18 41  A
 2034 Mar  20 15 14   Mon 
                    0 Mon  Mar  20  18 19  271    3 05   0 270   0 -3.5  2  18 23   4  18 21  F
                    1 Tues Mar  21  18 20  271   27 06  13 267   4 -5.1 16  19 31  72  18 52  A
 2034 Apr  19 00 26   Wed 
                    0 Wed  Apr  19  18 41  284   18 15   8 278   6 -4.6 11  19 26  45  19 01  B
                    1 Thur Apr  20  18 42  285   42 16  21 274  11 -6.1 25  20 35 113  19 32  A
 2034 May  18 08 12   Thur
                    0 Thur May  18  19 03  294   10 51   2 288   7 -4.2  8  19 20  16  19 11  F
                    1 Fri  May  19  19 04  295   34 52  15 281  13 -5.7 21  20 26  82  19 40  A
 2034 June 16 15 26   Fri 
                    0 Fri  June 16  19 20  299    3 54  -3 294   5 -3.9  5  19 08 -11  19 15  F
                    1 Sat  June 17  19 20  299   27 54   8 286  13 -5.2 17  20 07  47  19 41  B
 2034 July 15 23 15   Sat 
                    1 Sun  July 16  19 18  296   20 03   3 286  11 -4.7 12  19 37  19  19 27  F
                    2 Mon  July 17  19 18  296   44 03  12 276  20 -6.0 24  20 21  64  19 46  A
 2034 Aug  14 08 53   Mon 
                    0 Mon  Aug  14  18 55  288   10 02  -1 282   6 -4.0  6  18 56   1  18 56  F
                    1 Tues Aug  15  18 54  287   34 01   7 272  15 -5.3 17  19 34  40  19 12  B
 2034 Sept 12 21 14   Tues
                    1 Wed  Sept 13  18 17  275   21 03   4 267   8 -4.5 10  18 42  25  18 28  F
                    2 Thur Sept 14  18 16  274   45 02  11 257  17 -5.7 22  19 16  61  18 43  A
 2034 Oct  12 12 33   Thur
                    0 Thur Oct  12  17 38  261    5 05   2 261   1 -3.7  3  17 50  12  17 43  F
                    1 Fri  Oct  13  17 36  261   29 03   9 252   9 -4.9 14  18 24  48  17 58  B
 2034 Nov  11 06 16   Sat 
                    0 Sat  Nov  11  17 07  249   10 51   5 248   1 -4.1  7  17 37  30  17 20  F
                    1 Sun  Nov  12  17 07  249   34 51  12 240   9 -5.2 16  18 16  70  17 38  A
 2034 Dec  11 01 14   Mon 
                    0 Mon  Dec  11  16 59  243   15 45   7 242   1 -4.3  9  17 42  42  17 18  D
                    1 Tues Dec  12  17 00  243   39 46  15 234   8 -5.4 19  18 30  90  17 40  A
 2035 Jan   9 20 03   Tues
                    1 Wed  Jan  10  17 17  244   21 14   9 243   1 -4.5 11  18 09  52  17 40  B
                    2 Thur Jan  11  17 18  244   45 15  19 237   8 -5.7 22  19 05 107  18 05  A
 2035 Feb   8 13 22   Thur
                    0 Thur Feb   8  17 45  253    4 23   1 254  -1 -3.6  3  17 54   9  17 49  F
                    1 Fri  Feb   9  17 46  253   28 24  12 250   3 -4.9 14  18 52  67  18 15  A
 2035 Mar  10 04 09   Sat 
                    0 Sat  Mar  10  18 11  266   14 02   5 263   2 -4.2  7  18 41  30  18 24  F
                    1 Sun  Mar  11  18 12  266   38 03  18 260   6 -5.6 20  19 44  93  18 53  A
 2035 Apr   8 15 58   Sun 
                    0 Sun  Apr   8  18 33  279    2 35  -1 276   3 -3.7  3  18 32  -1  18 32  F
                    1 Mon  Apr   9  18 34  280   26 36  12 273   7 -5.1 15  19 38  65  19 02  A
 2035 May   8 01 04   Tues
                    0 Tues May   8  18 56  291   17 52   6 283   8 -4.7 12  19 33  38  19 12  C
                    1 Wed  May   9  18 56  292   41 52  19 278  14 -6.1 25  20 41 105  19 43  A
 2035 June  6 08 21   Wed 
                    0 Wed  June  6  19 15  298   10 54   1 291   8 -4.3  8  19 26  11  19 20  F
                    1 Thur June  7  19 16  298   34 55  13 283  15 -5.7 21  20 31  75  19 49  A
 2035 July  5 14 59   Thur
                    0 Thur July  5  19 22  298    4 23  -3 294   5 -3.9  5  19 12 -10  19 17  F
                    1 Fri  July  6  19 21  298   28 22   8 284  14 -5.2 17  20 08  47  19 42  A
 2035 Aug   3 22 12   Fri 
                    1 Sat  Aug   4  19 05  291   20 53   5 281  10 -4.7 12  19 33  28  19 18  F
                    2 Sun  Aug   5  19 05  291   44 53  14 271  20 -6.1 25  20 17  72  19 37  A
 2035 Sept  2 06 59   Sun 
                    0 Sun  Sept  2  18 32  280   11 33   3 275   5 -4.1  6  18 49  17  18 40  F
                    1 Mon  Sept  3  18 31  280   35 32  11 265  15 -5.5 19  19 27  56  18 56  A
 2035 Oct   1 18 07   Mon 
                    1 Tues Oct   2  17 51  266   23 44   8 258   8 -4.8 13  18 35  44  18 11  B
 2035 Oct  31 07 59   Wed 
                    0 Wed  Oct  31  17 17  254    9 18   5 253   1 -4.1  7  17 45  28  17 29  F
                    1 Thur Nov   1  17 16  253   33 17  12 243  10 -5.2 17  18 23  67  17 46  A
 2035 Nov  30 00 37   Fri 
                    0 Fri  Nov  30  16 59  244   16 22   7 242   2 -4.4  9  17 42  43  17 18  D
                    1 Sat  Dec   1  16 59  244   40 22  15 234  10 -5.5 19  18 26  87  17 38  A
 2035 Dec  29 19 31   Sat 
                    1 Sun  Dec  30  17 08  242   21 37   8 240   3 -4.5 10  17 58  50  17 30  C
                    2 Mon  Dec  31  17 09  243   45 38  17 233   9 -5.6 21  18 49 100  17 53  A
 2036 Jan  28 15 17   Mon 
                    0 Mon  Jan  28  17 34  249    2 17   0 250  -1 -3.5  2  17 37   3  17 35  F
                    1 Tues Jan  29  17 35  249   26 18  10 245   4 -4.7 12  18 31  56  18 00  B
