 year  h   cd conj  f wk   mon  day  set   Saz    age  Alt Maz  dz  Mag El  mset  lag   best  cat
 2025 Jan  29 17 36   Wed 
                    0 Wed  Jan  29  18 36  251    1 00  -2 247   4 -3.7  4  18 30  -6  18 33  F
                    1 Thur Jan  30  18 36  251   25 00  11 246   5 -4.9 14  19 35  59  19 02  A
 2025 Feb  28 05 45   Fri 
                    0 Fri  Feb  28  18 55  262   13 10   6 261   1 -4.2  8  19 25  30  19 08  F
                    1 Sat  Mar   1  18 55  262   37 10  19 262   1 -5.7 21  20 29  94  19 37  A
 2025 Mar  29 15 58   Sat 
                    0 Sat  Mar  29  19 08  274    3 10   0 276  -1 -3.5  2  19 12   4  19 10  F
                    1 Sun  Mar  30  19 09  275   27 11  14 277  -2 -5.2 16  20 19  71  19 40  A
 2025 Apr  28 00 31   Mon 
                    0 Mon  Apr  28  19 22  286   18 51  10 289  -3 -4.7 12  20 15  53  19 45  A
 2025 May  27 08 02   Tues
                    0 Tues May  27  19 36  294   11 34   6 297  -3 -4.3  8  20 13  37  19 53  E
                    1 Wed  May  28  19 37  294   35 35  19 293   2 -5.7 21  21 22 105  20 23  A
 2025 June 25 15 32   Wed 
                    0 Wed  June 25  19 46  296    4 14   3 299  -3 -3.9  5  20 05  19  19 55  F
                    1 Thur June 26  19 47  296   28 15  14 292   4 -5.2 16  21 02  75  20 20  A
 2025 July 25 00 11   Fri 
                    0 Fri  July 25  19 42  292   19 31   8 288   4 -4.6 11  20 24  43  20 01  C
                    1 Sat  July 26  19 41  292   43 30  17 278  14 -5.8 23  21 02  81  20 17  A
 2025 Aug  23 11 07   Sat 
                    0 Sat  Aug  23  19 21  283    8 14   2 281   2 -3.8  4  19 33  13  19 26  F
                    1 Sun  Aug  24  19 20  282   32 13   9 271  12 -5.1 16  20 05  45  19 40  A
 2025 Sept 22 00 54   Mon 
                    0 Mon  Sept 22  18 49  270   17 55   2 263   8 -4.3  9  19 04  15  18 56  F
                    1 Tues Sept 23  18 48  270   41 54   9 253  17 -5.5 20  19 34  46  19 09  A
 2025 Oct  21 17 25   Tues
                    0 Tues Oct  21  18 21  258    0 56  -4 256   3 -3.7  3  18 06 -14  18 14  F
                    1 Wed  Oct  22  18 20  258   24 55   3 247  11 -4.7 12  18 39  19  18 28  F
                    2 Thur Oct  23  18 19  258   48 54  10 238  19 -5.8 23  19 15  56  18 44  A
 2025 Nov  20 11 47   Thur
                    0 Thur Nov  20  18 04  248    6 17  -3 243   6 -4.0  6  17 55  -9  18 00  F
                    1 Fri  Nov  21  18 04  248   30 17   6 236  13 -5.0 15  18 39  35  18 19  C
                    2 Sat  Nov  22  18 03  248   54 16  14 228  20 -6.1 25  19 28  85  18 41  A
 2025 Dec  20 06 43   Sat 
                    0 Sat  Dec  20  18 08  244   11 25   1 238   7 -4.1  7  18 17   9  18 12  F
                    1 Sun  Dec  21  18 09  244   35 26  11 233  11 -5.2 17  19 13  64  18 37  A
 2026 Jan  19 00 52   Mon 
                    0 Mon  Jan  19  18 28  248   17 36   6 243   5 -4.3  9  19 01  33  18 43  F
                    1 Tues Jan  20  18 29  248   41 37  17 241   7 -5.6 20  20 00  91  19 09  A
 2026 Feb  17 17 01   Tues
                    0 Tues Feb  17  18 48  257    1 47  -1 256   1 -3.4  1  18 48  -1  18 48  F
                    1 Wed  Feb  18  18 49  258   25 48  11 257   1 -4.8 13  19 46  57  19 14  A
 2026 Mar  19 06 23   Thur
                    0 Thur Mar  19  19 04  270   12 41   5 272  -2 -4.2  7  19 31  28  19 16  F
                    1 Fri  Mar  20  19 04  270   36 41  18 273  -3 -5.6 20  20 34  89  19 44  A
 2026 Apr  17 16 52   Fri 
                    0 Fri  Apr  17  19 16  282    2 24   0 286  -4 -3.8  4  19 20   3  19 18  F
                    1 Sat  Apr  18  19 17  283   26 25  14 286  -3 -5.1 16  20 28  71  19 49  A
 2026 May  17 01 01   Sun 
                    0 Sun  May  17  19 31  292   18 30  10 294  -2 -4.7 12  20 28  56  19 56  A
 2026 June 15 07 54   Mon 
                    0 Mon  June 15  19 44  296   11 50   6 297  -1 -4.3  8  20 22  38  20 01  D
                    1 Tues June 16  19 44  296   35 50  19 290   6 -5.7 22  21 24  99  20 29  A
 2026 July 14 14 44   Tues
                    0 Tues July 14  19 46  294    5 02   2 295  -1 -3.8  4  20 02  16  19 53  F
                    1 Wed  July 15  19 45  294   29 01  13 285   9 -5.2 17  20 50  65  20 14  A
 2026 Aug  12 22 37   Wed 
                    1 Thur Aug  13  19 30  286   20 53   6 278   8 -4.7 12  20 02  32  19 44  D
                    2 Fri  Aug  14  19 29  286   44 52  14 267  19 -6.0 25  20 37  68  19 59  A
 2026 Sept 11 08 27   Fri 
                    0 Fri  Sept 11  19 02  275   10 35   0 270   6 -4.0  6  19 07   5  19 04  F
                    1 Sat  Sept 12  19 00  275   34 33   8 259  16 -5.4 18  19 39  39  19 18  A
 2026 Oct  10 20 50   Sat 
                    1 Sun  Oct  11  18 30  262   21 40   2 252  11 -4.7 12  18 44  14  18 36  F
                    2 Mon  Oct  12  18 29  262   45 39  10 242  20 -5.9 23  19 21  52  18 52  A
 2026 Nov   9 12 02   Mon 
                    0 Mon  Nov   9  18 08  252    6 06  -3 246   6 -4.0  6  17 57 -11  18 03  F
                    1 Tues Nov  10  18 07  251   30 05   5 238  13 -5.0 15  18 40  32  18 22  C
                    2 Wed  Nov  11  18 07  251   54 05  13 230  21 -6.1 26  19 27  80  18 42  A
 2026 Dec   9 05 52   Wed 
                    0 Wed  Dec   9  18 04  245   12 12   1 238   7 -4.1  7  18 12   8  18 07  F
                    1 Thur Dec  10  18 04  245   36 12  10 233  12 -5.2 17  19 04  60  18 31  A
 2027 Jan   8 01 24   Fri 
                    0 Fri  Jan   8  18 20  246   16 56   5 241   5 -4.2  8  18 48  29  18 32  F
                    1 Sat  Jan   9  18 20  246   40 56  15 239   7 -5.4 18  19 43  82  18 57  A
 2027 Feb   6 20 56   Sat 
                    1 Sun  Feb   7  18 42  254   21 46   8 253   1 -4.5 10  19 25  43  19 01  C
                    2 Mon  Feb   8  18 42  254   45 46  20 253   1 -5.7 21  20 17  95  19 25  A
 2027 Mar   8 14 29   Mon 
                    0 Mon  Mar   8  18 58  265    4 29   0 268  -2 -3.7  3  19 04   6  19 01  F
                    1 Tues Mar   9  18 59  265   28 30  12 269  -3 -5.0 14  19 59  60  19 25  A
 2027 Apr   7 04 51   Wed 
                    0 Wed  Apr   7  19 12  278   14 21   6 282  -4 -4.3  9  19 43  32  19 26  E
                    1 Thur Apr   8  19 12  278   38 21  18 283  -4 -5.6 21  20 45  93  19 53  A
 2027 May   6 15 59   Thur
                    0 Thur May   6  19 26  289    3 27   1 293  -5 -3.9  5  19 34   9  19 29  F
                    1 Fri  May   7  19 26  289   27 27  14 291  -2 -5.1 16  20 41  75  19 59  A
 2027 June  5 00 40   Sat 
                    0 Sat  June  5  19 40  295   19 00  10 295   0 -4.7 12  20 35  55  20 05  B
                    1 Sun  June  6  19 41  296   43 01  22 289   7 -6.1 25  21 36 116  20 32  A
 2027 July  4 08 02   Sun 
                    0 Sun  July  4  19 47  296   11 45   5 294   2 -4.2  7  20 17  30  20 00  F
                    1 Mon  July  5  19 47  296   35 45  16 284  11 -5.7 21  21 08  81  20 23  A
 2027 Aug   2 15 05   Mon 
                    0 Mon  Aug   2  19 38  290    4 33   0 288   2 -3.6  3  19 42   4  19 40  F
                    1 Tues Aug   3  19 37  290   28 32   9 277  13 -5.2 17  20 24  48  19 58  A
 2027 Aug  31 22 41   Tues
                    1 Wed  Sept  1  19 12  279   20 31   4 268  11 -4.7 12  19 33  21  19 21  F
                    2 Thur Sept  2  19 11  279   44 30  12 257  22 -6.1 26  20 10  59  19 37  A
 2027 Sept 30 07 36   Thur
                    0 Thur Sept 30  18 41  267   11 05  -1 260   8 -4.2  8  18 40  -1  18 41  F
                    1 Fri  Oct   1  18 40  267   35 04   7 249  18 -5.6 20  19 19  39  18 58  A
 2027 Oct  29 18 37   Fri 
                    1 Sat  Oct  30  18 14  255   23 37   4 243  12 -4.9 13  18 36  22  18 24  F
                    2 Sun  Oct  31  18 13  255   47 36  12 234  21 -6.1 25  19 24  71  18 45  A
 2027 Nov  28 08 24   Sun 
                    0 Sun  Nov  28  18 03  247    9 39   0 241   6 -4.0  6  18 05   2  18 04  F
                    1 Mon  Nov  29  18 03  247   33 39  10 234  13 -5.2 17  18 59  56  18 28  A
 2027 Dec  28 01 12   Tues
                    0 Tues Dec  28  18 12  245   17 00   5 240   5 -4.3  8  18 42  29  18 25  F
                    1 Wed  Dec  29  18 13  245   41 01  15 236   8 -5.5 19  19 37  85  18 50  A
 2028 Jan  26 20 12   Wed 
                    1 Thur Jan  27  18 34  250   22 22   8 249   1 -4.5 10  19 18  45  18 53  B
 2028 Feb  25 15 37   Fri 
                    0 Fri  Feb  25  18 53  260    3 16   0 263  -3 -3.7  3  18 56   3  18 54  F
                    1 Sat  Feb  26  18 53  261   27 16  11 264  -3 -4.8 13  19 46  53  19 17  A
 2028 Mar  26 09 31   Sun 
                    0 Sun  Mar  26  19 07  273    9 36   3 278  -5 -4.1  7  19 24  17  19 15  F
                    1 Mon  Mar  27  19 07  274   33 36  14 278  -5 -5.2 16  20 17  70  19 38  A
 2028 Apr  25 00 47   Tues
                    0 Tues Apr  25  19 20  285   18 33   8 289  -4 -4.5 10  20 03  42  19 39  C
                    1 Wed  Apr  26  19 21  286   42 34  20 288  -2 -5.7 21  21 02 101  20 06  A
 2028 May  24 13 16   Wed 
                    0 Wed  May  24  19 35  294    6 19   2 296  -3 -3.9  5  19 52  17  19 43  F
                    1 Thur May  25  19 36  294   30 20  14 292   2 -5.1 16  20 52  76  20 09  A
 2028 June 22 23 27   Thur
                    1 Fri  June 23  19 46  296   20 19   8 292   5 -4.6 11  20 32  46  20 07  B
                    2 Sat  June 24  19 46  296   44 19  19 283  13 -6.0 24  21 22  95  20 29  A
 2028 July 22 08 02   Sat 
                    0 Sat  July 22  19 43  293   11 41   3 287   5 -4.1  7  19 59  16  19 50  F
                    1 Sun  July 23  19 42  292   35 40  12 277  15 -5.6 21  20 42  60  20 09  A
 2028 Aug  20 15 44   Sun 
                    0 Sun  Aug  20  19 23  284    3 39  -3 280   4 -3.7  4  19 15  -8  19 19  F
                    1 Mon  Aug  21  19 22  283   27 38   6 269  15 -5.2 17  19 55  33  19 37  B
 2028 Sept 18 23 24   Mon 
                    1 Tues Sept 19  18 52  272   19 28   2 260  12 -4.8 13  19 06  14  18 58  F
                    2 Wed  Sept 20  18 51  271   43 27  11 248  23 -6.2 26  19 48  57  19 17  A
 2028 Oct  18 07 57   Wed 
                    0 Wed  Oct  18  18 23  259   10 26  -1 252   8 -4.2  8  18 21  -2  18 22  F
                    1 Thur Oct  19  18 22  259   34 25   9 241  18 -5.6 20  19 10  48  18 43  A
 2028 Nov  16 18 18   Thur
                    1 Fri  Nov  17  18 05  249   23 47   6 238  11 -4.9 14  18 42  38  18 21  C
                    2 Sat  Nov  18  18 04  249   47 46  17 230  19 -6.2 26  19 41  97  18 47  A
 2028 Dec  16 07 06   Sat 
                    0 Sat  Dec  16  18 06  244   11 00   3 241   4 -4.0  6  18 25  18  18 15  F
                    1 Sun  Dec  17  18 07  244   35 01  14 236   9 -5.4 18  19 26  79  18 42  A
 2029 Jan  14 22 24   Sun 
                    1 Mon  Jan  15  18 25  247   20 01   8 246   1 -4.5 10  19 10  44  18 45  C
                    2 Tues Jan  16  18 26  247   44 02  20 244   3 -5.7 22  20 05  99  19 10  A
 2029 Feb  13 15 31   Tues
                    0 Tues Feb  13  18 46  256    3 15   0 259  -3 -3.7  4  18 50   4  18 48  F
                    1 Wed  Feb  14  18 47  256   27 16  11 259  -3 -4.9 13  19 42  56  19 11  A
 2029 Mar  15 09 19   Thur
                    0 Thur Mar  15  19 02  268    9 43   3 273  -5 -4.1  7  19 19  17  19 09  F
                    1 Fri  Mar  16  19 02  269   33 43  14 273  -5 -5.2 16  20 09  67  19 32  A
 2029 Apr  14 02 40   Sat 
                    0 Sat  Apr  14  19 15  281   16 35   6 285  -4 -4.3  9  19 48  33  19 30  E
                    1 Sun  Apr  15  19 16  281   40 36  17 284  -3 -5.4 19  20 41  86  19 54  A
 2029 May  13 18 42   Sun 
                    0 Sun  May  13  19 29  291    0 47  -1 294  -3 -3.7  3  19 30   1  19 30  F
                    1 Mon  May  14  19 30  291   24 48  10 291   0 -4.7 12  20 24  55  19 54  A
 2029 June 12 08 50   Tues
                    0 Tues June 12  19 43  296   10 53   3 295   2 -3.9  5  20 04  21  19 53  F
                    1 Wed  June 13  19 44  296   34 54  14 288   8 -5.3 17  20 54  70  20 15  A
 2029 July 11 20 51   Wed 
                    1 Thur July 12  19 46  295   22 55   6 286   9 -4.7 12  20 20  34  20 01  D
                    2 Fri  July 13  19 46  295   46 55  16 277  18 -6.0 25  21 01  76  20 19  A
 2029 Aug  10 06 56   Fri 
                    0 Fri  Aug  10  19 32  287   12 36   0 280   8 -4.2  8  19 37   5  19 34  F
                    1 Sat  Aug  11  19 31  287   36 35   9 269  18 -5.6 21  20 16  45  19 51  A
 2029 Sept  8 15 44   Sat 
                    0 Sat  Sept  8  19 04  276    3 20  -4 272   5 -3.9  5  18 49 -15  18 58  F
                    1 Sun  Sept  9  19 03  276   27 19   5 261  15 -5.2 17  19 30  26  19 15  C
                    2 Mon  Sept 10  19 02  276   51 18  14 249  26 -6.5 30  20 12  69  19 33  A
 2029 Oct   8 00 14   Mon 
                    0 Mon  Oct   8  18 33  264   18 19   2 253  11 -4.7 12  18 47  14  18 39  F
                    1 Tues Oct   9  18 32  263   42 18  12 242  21 -6.1 25  19 36  64  19 00  A
 2029 Nov   6 09 24   Tues
                    0 Tues Nov   6  18 09  253    8 45   0 247   6 -4.0  6  18 13   3  18 11  F
                    1 Wed  Nov   7  18 09  252   32 45  11 237  15 -5.5 19  19 11  62  18 36  A
 2029 Dec   5 19 52   Wed 
                    1 Thur Dec   6  18 03  245   22 11   9 238   7 -4.8 13  18 55  51  18 26  B
 2030 Jan   4 07 49   Fri 
                    0 Fri  Jan   4  18 17  245   10 28   4 245   0 -4.0  6  18 43  26  18 29  F
                    1 Sat  Jan   5  18 18  245   34 29  17 242   4 -5.5 19  19 47  89  18 57  A
 2030 Feb   2 21 07   Sat 
                    1 Sun  Feb   3  18 39  252   21 32  10 255  -3 -4.7 12  19 30  51  19 02  A
 2030 Mar   4 11 35   Mon 
                    0 Mon  Mar   4  18 57  263    7 22   2 268  -5 -4.0  6  19 10  13  19 02  F
                    1 Tues Mar   5  18 57  264   31 22  14 268  -4 -5.1 16  20 04  67  19 27  A
 2030 Apr   3 03 02   Wed 
                    0 Wed  Apr   3  19 10  276   16 08   6 280  -4 -4.3  9  19 42  32  19 24  F
                    1 Thur Apr   4  19 11  277   40 09  17 280  -3 -5.5 19  20 35  84  19 48  A
 2030 May   2 19 12   Thur
                    0 Thur May   2  19 24  288    0 12  -1 290  -3 -3.6  3  19 22  -2  19 23  F
                    1 Fri  May   3  19 24  288   24 12   9 288   0 -4.6 11  20 14  50  19 46  B
 2030 June  1 11 21   Sat 
                    0 Sat  June  1  19 39  295    8 18   2 294   1 -3.7  4  19 52  13  19 45  F
                    1 Sun  June  2  19 39  295   32 18  12 289   6 -5.0 15  20 41  61  20 06  A
 2030 July  1 02 34   Mon 
                    0 Mon  July  1  19 47  296   17 13   4 289   7 -4.3  8  20 08  21  19 56  F
                    1 Tues July  2  19 47  296   41 13  12 282  14 -5.5 20  20 49  62  20 15  A
 2030 July 30 16 11   Tues
                    0 Tues July 30  19 39  291    3 28  -3 287   4 -3.8  4  19 28 -11  19 34  F
                    1 Wed  July 31  19 39  291   27 28   5 278  13 -5.0 14  20 06  27  19 51  D
                    2 Thur Aug   1  19 38  290   51 27  13 269  21 -6.2 26  20 42  64  20 07  A
 2030 Aug  29 04 07   Thur
                    0 Thur Aug  29  19 15  281   15 08   0 271   9 -4.4  9  19 18   3  19 16  F
                    1 Fri  Aug  30  19 14  280   39 07   8 262  19 -5.7 21  19 56  42  19 33  A
 2030 Sept 27 14 55   Fri 
                    0 Fri  Sept 27  18 44  268    3 49  -4 264   5 -3.9  5  18 31 -13  18 38  F
                    1 Sat  Sept 28  18 43  268   27 48   5 254  14 -5.1 16  19 13  30  18 56  C
                    2 Sun  Sept 29  18 42  268   51 47  15 244  24 -6.4 29  19 58  76  19 16  A
 2030 Oct  27 01 17   Sun 
                    0 Sun  Oct  27  18 16  256   16 59   4 248   8 -4.5 10  18 37  21  18 26  F
                    1 Mon  Oct  28  18 15  256   40 58  14 238  18 -5.9 24  19 32  77  18 50  A
 2030 Nov  25 11 46   Mon 
                    0 Mon  Nov  25  18 03  247    6 17   1 245   2 -3.7  4  18 13  10  18 07  F
                    1 Tues Nov  26  18 03  247   30 17  13 237  10 -5.3 18  19 16  73  18 36  A
 2030 Dec  24 22 32   Tues
                    1 Wed  Dec  25  18 11  244   19 39  10 242   2 -4.7 12  19 06  55  18 35  A
 2031 Jan  23 09 31   Thur
                    0 Thur Jan  23  18 31  249    9 00   4 252  -3 -4.1  7  18 55  25  18 42  F
                    1 Fri  Jan  24  18 32  249   33 01  18 250  -1 -5.5 20  20 00  89  19 11  A
 2031 Feb  21 20 49   Fri 
                    1 Sat  Feb  22  18 51  259   22 02  11 263  -4 -4.8 13  19 44  53  19 15  A
 2031 Mar  23 08 49   Sun 
                    0 Sun  Mar  23  19 05  272   10 16   4 275  -4 -4.1  7  19 26  21  19 15  F
                    1 Mon  Mar  24  19 06  272   34 17  16 275  -3 -5.3 18  20 23  78  19 40  A
 2031 Apr  21 21 57   Mon 
                    1 Tues Apr  22  19 19  284   21 22   9 284   0 -4.5 10  20 04  46  19 39  B
                    2 Wed  Apr  23  19 19  284   45 22  20 282   2 -5.7 22  20 59  99  20 03  A
 2031 May  21 12 17   Wed 
                    0 Wed  May  21  19 33  293    7 16   1 291   1 -3.7  3  19 44  11  19 38  F
                    1 Thur May  22  19 34  293   31 17  12 288   6 -5.0 15  20 35  61  20 01  A
 2031 June 20 03 25   Fri 
                    0 Fri  June 20  19 45  296   16 20   3 290   6 -4.3  8  20 06  20  19 54  F
                    1 Sat  June 21  19 46  296   40 21  12 284  12 -5.4 19  20 49  63  20 14  A
 2031 July 19 18 40   Sat 
                    0 Sat  July 19  19 44  294    1 04  -4 290   4 -3.8  4  19 29 -16  19 37  F
                    1 Sun  July 20  19 44  293   25 04   4 282  11 -4.7 12  20 07  23  19 54  F
                    2 Mon  July 21  19 44  293   49 04  12 275  18 -5.9 23  20 43  60  20 10  A
 2031 Aug  18 09 32   Mon 
                    0 Mon  Aug  18  19 26  285    9 54  -2 278   7 -4.1  7  19 20  -6  19 23  F
                    1 Tues Aug  19  19 25  284   33 53   6 270  15 -5.2 17  19 55  30  19 38  C
                    2 Wed  Aug  20  19 24  284   57 52  14 261  23 -6.3 28  20 30  66  19 53  A
 2031 Sept 16 23 47   Tues
                    1 Wed  Sept 17  18 55  273   19 08   2 263   9 -4.5 10  19 07  11  19 00  F
                    2 Thur Sept 18  18 54  272   43 07  10 254  18 -5.7 21  19 45  50  19 17  A
 2031 Oct  16 13 21   Thur
                    0 Thur Oct  16  18 25  261    5 04  -2 257   3 -3.7  3  18 22  -3  18 24  F
                    1 Fri  Oct  17  18 25  260   29 04   8 248  12 -5.0 15  19 06  42  18 43  B
 2031 Nov  15 02 10   Sat 
                    0 Sat  Nov  15  18 05  250   15 55   6 245   5 -4.3  9  18 37  32  18 20  F
                    1 Sun  Nov  16  18 05  250   39 55  16 237  13 -5.8 22  19 35  90  18 45  A
 2031 Dec  14 14 06   Sun 
                    0 Sun  Dec  14  18 05  245    3 59   2 246  -1 -3.7  4  18 18  13  18 11  F
                    1 Mon  Dec  15  18 06  245   28 00  14 240   5 -5.2 17  19 23  77  18 40  A
 2032 Jan  13 01 07   Tues
                    0 Tues Jan  13  18 23  247   17 16   9 248  -2 -4.6 11  19 13  50  18 45  B
                    1 Wed  Jan  14  18 24  247   41 17  23 245   2 -6.1 25  20 21 117  19 16  A
 2032 Feb  11 11 24   Wed 
                    0 Wed  Feb  11  18 44  255    7 20   3 259  -4 -4.1  7  19 02  18  18 52  F
                    1 Thur Feb  12  18 45  255   31 21  17 258  -2 -5.5 19  20 08  84  19 22  A
 2032 Mar  11 21 25   Thur
                    1 Fri  Mar  12  19 01  267   21 36  11 270  -3 -4.8 13  19 54  53  19 24  A
 2032 Apr  10 07 39   Sat 
                    0 Sat  Apr  10  19 14  280   11 35   5 280  -1 -4.1  6  19 39  25  19 25  F
                    1 Sun  Apr  11  19 14  280   35 35  17 279   1 -5.5 19  20 40  86  19 52  A
 2032 May   9 18 36   Sun 
                    0 Sun  May   9  19 27  290    0 51  -2 289   1 -3.4  1  19 24  -3  19 26  F
                    1 Mon  May  10  19 28  290   24 52  10 286   5 -4.8 13  20 22  54  19 52  A
 2032 June  8 06 32   Tues
                    0 Tues June  8  19 42  296   13 10   3 290   6 -4.2  7  19 59  17  19 50  F
                    1 Wed  June  9  19 42  296   37 10  13 285  11 -5.4 19  20 48  66  20 12  A
 2032 July  7 19 41   Wed 
                    0 Wed  July  7  19 47  295    0 06  -4 291   4 -3.8  5  19 30 -17  19 39  F
                    1 Thur July  8  19 47  295   24 06   5 285  11 -4.7 12  20 12  26  19 58  F
                    2 Fri  July  9  19 46  295   48 05  13 278  17 -5.8 23  20 52  65  20 15  A
 2032 Aug   6 10 11   Fri 
                    0 Fri  Aug   6  19 34  289    9 23  -2 282   6 -4.1  6  19 29  -5  19 32  F
                    1 Sat  Aug   7  19 34  288   33 23   6 275  14 -5.1 16  20 05  31  19 48  C
                    2 Sun  Aug   8  19 33  288   57 22  14 267  21 -6.2 26  20 40  67  20 03  A
 2032 Sept  5 01 57   Sun 
                    0 Sun  Sept  5  19 07  278   17 10   1 270   8 -4.3  8  19 16   8  19 11  F
                    1 Mon  Sept  6  19 06  277   41 09   9 261  16 -5.4 19  19 50  44  19 26  A
 2032 Oct   4 18 26   Mon 
                    0 Mon  Oct   4  18 36  265    0 10  -3 264   1 -3.5  2  18 27 -10  18 32  F
                    1 Tues Oct   5  18 35  265   24 09   5 256   9 -4.6 11  19 04  28  18 48  E
                    2 Wed  Oct   6  18 34  264   48 08  14 248  17 -5.8 23  19 43  69  19 05  A
 2032 Nov   3 10 45   Wed 
                    0 Wed  Nov   3  18 11  253    7 26   2 252   2 -3.7  4  18 23  12  18 16  F
                    1 Thur Nov   4  18 10  253   31 25  11 244   9 -5.1 16  19 09  59  18 36  A
 2032 Dec   3 01 53   Fri 
                    0 Fri  Dec   3  18 03  246   16 10   7 244   1 -4.4  9  18 44  41  18 21  C
                    1 Sat  Dec   4  18 03  246   40 10  18 237   8 -5.7 22  19 41  98  18 47  A
 2033 Jan   1 15 17   Sat 
                    0 Sat  Jan   1  18 15  245    2 58   2 249  -4 -3.9  5  18 27  12  18 20  F
                    1 Sun  Jan   2  18 16  245   26 59  14 244   1 -5.1 16  19 29  74  18 49  A
 2033 Jan  31 03 00   Mon 
                    0 Mon  Jan  31  18 37  251   15 37   8 254  -3 -4.5 10  19 18  41  18 55  C
                    1 Tues Feb   1  18 38  252   39 38  22 252   0 -5.9 23  20 24 106  19 25  A
 2033 Mar   1 13 23   Tues
                    0 Tues Mar   1  18 55  262    5 32   2 265  -3 -3.8  5  19 06  11  19 00  F
                    1 Wed  Mar   2  18 56  263   29 33  16 264  -1 -5.3 18  20 12  77  19 30  A
 2033 Mar  30 22 52   Wed 
                    1 Thur Mar  31  19 09  275   20 17  10 275   1 -4.7 12  20 00  51  19 32  A
 2033 Apr  29 07 46   Fri 
                    0 Fri  Apr  29  19 22  287   11 36   4 284   3 -4.1  7  19 48  25  19 34  F
                    1 Sat  Apr  30  19 23  287   35 37  18 281   6 -5.6 20  20 51  88  20 02  A
 2033 May  28 16 36   Sat 
                    0 Sat  May  28  19 37  294    3 01  -1 290   4 -3.8  4  19 34  -3  19 36  F
                    1 Sun  May  29  19 37  295   27 01  11 285   9 -5.1 15  20 33  55  20 02  A
 2033 June 27 02 07   Mon 
                    0 Mon  June 27  19 47  296   17 40   4 287   9 -4.5 10  20 08  21  19 56  F
                    1 Tues June 28  19 47  296   41 40  14 281  16 -5.8 22  20 55  68  20 17  A
 2033 July 26 13 12   Tues
                    0 Tues July 26  19 41  292    6 29  -2 286   6 -4.0  6  19 34  -7  19 38  F
                    1 Wed  July 27  19 41  292   30 29   7 279  13 -5.1 15  20 15  34  19 56  C
                    2 Thur July 28  19 40  291   54 28  15 271  20 -6.2 26  20 54  73  20 13  A
 2033 Aug  25 02 40   Thur
                    0 Thur Aug  25  19 19  282   16 39   2 274   8 -4.3  8  19 29  11  19 23  F
                    1 Fri  Aug  26  19 18  282   40 38  10 267  15 -5.4 19  20 05  47  19 39  A
 2033 Sept 23 18 40   Fri 
                    0 Fri  Sept 23  18 48  270    0 08  -2 269   1 -3.4  1  18 41  -7  18 45  F
                    1 Sat  Sept 24  18 47  270   24 07   6 261   8 -4.6 11  19 16  29  19 00  E
                    2 Sun  Sept 25  18 46  269   48 06  13 253  16 -5.7 22  19 52  66  19 15  A
 2033 Oct  23 12 28   Sun 
                    0 Sun  Oct  23  18 19  258    5 51   1 257   1 -3.7  3  18 30  11  18 24  F
                    1 Mon  Oct  24  18 18  257   29 50  10 249   8 -4.9 14  19 08  50  18 41  A
 2033 Nov  22 06 39   Tues
                    0 Tues Nov  22  18 03  248   11 24   5 248   0 -4.1  7  18 32  28  18 16  F
                    1 Wed  Nov  23  18 03  248   35 24  14 241   7 -5.3 17  19 19  75  18 37  A
 2033 Dec  21 23 46   Wed 
                    1 Thur Dec  22  18 09  244   18 23   9 245   0 -4.5 10  18 56  47  18 30  B
                    2 Fri  Dec  23  18 10  244   42 24  19 239   5 -5.7 22  19 51 101  18 55  A
 2034 Jan  20 15 01   Fri 
                    0 Fri  Jan  20  18 29  248    3 28   1 252  -4 -3.9  5  18 38   9  18 33  F
                    1 Sat  Jan  21  18 29  248   27 28  13 249   0 -5.0 15  19 37  67  18 59  A
 2034 Feb  19 04 10   Sun 
                    0 Sun  Feb  19  18 49  258   14 39   6 260  -1 -4.3  8  19 23  34  19 05  D
                    1 Mon  Feb  20  18 50  259   38 40  20 258   1 -5.7 22  20 26  96  19 33  A
 2034 Mar  20 15 14   Mon 
                    0 Mon  Mar  20  19 04  270    3 50   0 270   0 -3.5  2  19 10   6  19 07  F
                    1 Tues Mar  21  19 05  271   27 51  14 269   2 -5.2 16  20 14  70  19 36  A
 2034 Apr  19 00 26   Wed 
                    0 Wed  Apr  19  19 17  283   18 51   9 279   4 -4.7 12  20 04  46  19 38  B
                    1 Thur Apr  20  19 18  283   42 52  23 276   7 -6.1 26  21 10 112  20 08  A
 2034 May  18 08 12   Thur
                    0 Thur May  18  19 32  292   11 20   4 286   6 -4.3  8  19 53  21  19 41  F
                    1 Fri  May  19  19 32  292   35 20  17 282  10 -5.7 21  20 58  85  20 10  A
 2034 June 16 15 26   Fri 
                    0 Fri  June 16  19 44  296    4 18  -2 291   6 -4.0  6  19 40  -5  19 42  F
                    1 Sat  June 17  19 45  296   28 19  10 285  12 -5.2 17  20 39  54  20 09  A
 2034 July 15 23 15   Sat 
                    1 Sun  July 16  19 45  294   20 30   5 284  10 -4.7 12  20 11  26  19 57  F
                    2 Mon  July 17  19 45  294   44 30  15 276  18 -6.0 24  20 58  73  20 17  A
 2034 Aug  14 08 53   Mon 
                    0 Mon  Aug  14  19 29  286   10 36   0 281   6 -4.0  6  19 34   6  19 31  F
                    1 Tues Aug  15  19 28  286   34 35  10 272  14 -5.3 18  20 16  48  19 49  A
 2034 Sept 12 21 14   Tues
                    1 Wed  Sept 13  18 59  274   21 45   6 267   7 -4.5 11  19 29  30  19 13  E
                    2 Thur Sept 14  18 58  274   45 44  14 258  15 -5.8 22  20 06  68  19 28  A
 2034 Oct  12 12 33   Thur
                    0 Thur Oct  12  18 29  262    5 56   2 262   0 -3.7  4  18 42  13  18 35  F
                    1 Fri  Oct  13  18 28  262   29 55  10 254   8 -4.9 14  19 19  51  18 51  A
 2034 Nov  11 06 16   Sat 
                    0 Sat  Nov  11  18 07  251   11 51   5 251   0 -4.1  7  18 36  29  18 20  F
                    1 Sun  Nov  12  18 07  251   35 51  14 243   7 -5.2 17  19 17  71  18 38  A
 2034 Dec  11 01 14   Mon 
                    0 Mon  Dec  11  18 05  245   16 51   7 245   0 -4.4  9  18 45  40  18 22  C
                    1 Tues Dec  12  18 05  245   40 51  17 239   6 -5.5 19  19 33  88  18 44  A
 2035 Jan   9 20 03   Tues
                    1 Wed  Jan  10  18 21  246   22 18   9 246   0 -4.6 11  19 11  50  18 43  B
 2035 Feb   8 13 22   Thur
                    0 Thur Feb   8  18 42  254    5 20   1 256  -2 -3.7  3  18 51   9  18 46  F
                    1 Fri  Feb   9  18 43  254   29 21  13 253   1 -5.0 15  19 47  64  19 11  A
 2035 Mar  10 04 09   Sat 
                    0 Sat  Mar  10  18 59  266   14 50   6 264   1 -4.2  8  19 31  31  19 13  F
                    1 Sun  Mar  11  19 00  266   38 51  19 263   3 -5.6 21  20 30  90  19 40  A
 2035 Apr   8 15 58   Sun 
                    0 Sun  Apr   8  19 12  278    3 14   0 275   3 -3.7  4  19 15   3  19 14  F
                    1 Mon  Apr   9  19 13  279   27 15  13 274   5 -5.1 16  20 18  65  19 42  A
 2035 May   8 01 04   Tues
                    0 Tues May   8  19 27  289   18 23   8 283   7 -4.7 12  20 08  41  19 45  B
                    1 Wed  May   9  19 27  290   42 23  22 279  10 -6.1 25  21 14 106  20 14  A
 2035 June  6 08 21   Wed 
                    0 Wed  June  6  19 41  296   11 20   3 289   7 -4.3  8  19 58  17  19 48  F
                    1 Thur June  7  19 41  296   35 20  16 283  12 -5.7 22  21 02  80  20 17  A
 2035 July  5 14 59   Thur
                    0 Thur July  5  19 47  296    4 48  -2 291   5 -3.9  5  19 43  -4  19 45  F
                    1 Fri  July  6  19 47  296   28 48  11 283  12 -5.3 17  20 41  54  20 11  A
 2035 Aug   3 22 12   Fri 
                    1 Sat  Aug   4  19 36  289   21 24   6 280   9 -4.7 12  20 10  34  19 51  C
                    2 Sun  Aug   5  19 36  289   45 24  17 271  18 -6.1 26  20 57  81  20 12  A
 2035 Sept  2 06 59   Sun 
                    0 Sun  Sept  2  19 11  279   12 12   3 275   4 -4.1  7  19 31  19  19 20  F
                    1 Mon  Sept  3  19 10  279   36 11  13 266  13 -5.5 20  20 13  62  19 38  A
 2035 Oct   1 18 07   Mon 
                    0 Mon  Oct   1  18 40  267    0 33   1 268  -2 -3.6  3  18 46   6  18 43  F
                    1 Tues Oct   2  18 39  266   24 32   9 259   7 -4.8 13  19 26  47  19 00  B
 2035 Oct  31 07 59   Wed 
                    0 Wed  Oct  31  18 13  255   10 14   5 255   0 -4.1  7  18 41  28  18 26  F
                    1 Thur Nov   1  18 13  254   34 14  14 246   8 -5.3 17  19 22  69  18 43  A
 2035 Nov  30 00 37   Fri 
                    0 Fri  Nov  30  18 03  246   17 26   8 246   1 -4.4  9  18 44  41  18 21  C
                    1 Sat  Dec   1  18 03  246   41 26  16 239   8 -5.5 20  19 30  87  18 41  A
 2035 Dec  29 19 31   Sat 
                    1 Sun  Dec  30  18 13  245   22 42   9 244   1 -4.6 11  19 02  49  18 35  B
 2036 Jan  28 15 17   Mon 
                    0 Mon  Jan  28  18 34  250    3 17   0 251  -1 -3.5  2  18 38   4  18 36  F
                    1 Tues Jan  29  18 35  251   27 18  11 249   2 -4.7 12  19 30  55  18 59  A
