 year  h   cd conj  f wk   mon  day  set   Saz    age  Alt Maz  dz  Mag El  mset  lag   best  cat
 2025 Jan  29 17 36   Wed 
                    0 Wed  Jan  29  18 15  251    0 39  -2 247   4 -3.7  4  18 08  -7  18 12  F
                    1 Thur Jan  30  18 15  251   24 39  11 246   5 -4.9 14  19 13  58  18 41  A
 2025 Feb  28 05 45   Fri 
                    0 Fri  Feb  28  18 34  262   12 49   5 261   1 -4.2  7  19 03  29  18 46  F
                    1 Sat  Mar   1  18 34  262   36 49  19 262   1 -5.7 21  20 07  93  19 15  A
 2025 Mar  29 15 58   Sat 
                    0 Sat  Mar  29  18 47  274    2 49   0 276  -1 -3.5  2  18 50   3  18 48  F
                    1 Sun  Mar  30  18 47  275   26 49  14 277  -2 -5.1 16  19 57  70  19 18  A
 2025 Apr  28 00 31   Mon 
                    0 Mon  Apr  28  19 00  286   18 29  10 289  -3 -4.7 12  19 52  52  19 23  B
                    1 Tues Apr  29  19 01  287   42 30  24 288  -2 -6.1 26  21 04 124  19 56  A
 2025 May  27 08 02   Tues
                    0 Tues May  27  19 15  294   11 13   6 297  -3 -4.3  8  19 50  35  19 31  E
                    1 Wed  May  28  19 15  294   35 13  19 293   1 -5.7 21  20 59 104  20 01  A
 2025 June 25 15 32   Wed 
                    0 Wed  June 25  19 25  296    3 53   2 300  -3 -3.9  5  19 42  18  19 33  F
                    1 Thur June 26  19 25  296   27 53  14 292   4 -5.2 16  20 39  74  19 58  A
 2025 July 25 00 11   Fri 
                    0 Fri  July 25  19 20  292   19 09   8 288   4 -4.5 11  20 02  42  19 39  C
                    1 Sat  July 26  19 20  292   43 09  17 278  13 -5.8 23  20 40  80  19 55  A
 2025 Aug  23 11 07   Sat 
                    0 Sat  Aug  23  18 59  283    7 52   2 281   2 -3.8  4  19 12  12  19 05  F
                    1 Sun  Aug  24  18 58  282   31 51   9 271  11 -5.1 16  19 43  45  19 18  A
 2025 Sept 22 00 54   Mon 
                    0 Mon  Sept 22  18 28  270   17 34   2 263   7 -4.3  8  18 43  15  18 35  F
                    1 Tues Sept 23  18 27  270   41 33   9 254  17 -5.5 20  19 13  45  18 47  A
 2025 Oct  21 17 25   Tues
                    0 Tues Oct  21  18 00  258    0 35  -4 256   3 -3.7  3  17 45 -15  17 53  F
                    1 Wed  Oct  22  17 59  258   24 34   3 247  11 -4.7 12  18 18  19  18 07  F
                    2 Thur Oct  23  17 58  258   48 33  10 238  19 -5.8 23  18 54  56  18 23  A
 2025 Nov  20 11 47   Thur
                    0 Thur Nov  20  17 43  248    5 56  -3 243   5 -4.0  6  17 33 -10  17 39  F
                    1 Fri  Nov  21  17 43  248   29 56   6 236  12 -5.0 14  18 18  35  17 58  C
                    2 Sat  Nov  22  17 43  248   53 56  14 228  20 -6.0 25  19 07  84  18 20  A
 2025 Dec  20 06 43   Sat 
                    0 Sat  Dec  20  17 47  244   11 04   1 238   6 -4.1  7  17 55   8  17 51  F
                    1 Sun  Dec  21  17 48  244   35 05  11 233  11 -5.2 17  18 51  63  18 16  A
 2026 Jan  19 00 52   Mon 
                    0 Mon  Jan  19  18 07  248   17 15   6 243   5 -4.3  9  18 40  33  18 22  F
                    1 Tues Jan  20  18 08  248   41 16  17 242   7 -5.6 20  19 38  90  18 48  A
 2026 Feb  17 17 01   Tues
                    0 Tues Feb  17  18 27  257    1 26  -1 256   1 -3.4  1  18 26  -1  18 27  F
                    1 Wed  Feb  18  18 28  258   25 27  11 257   1 -4.8 13  19 24  56  18 53  A
 2026 Mar  19 06 23   Thur
                    0 Thur Mar  19  18 42  270   12 19   5 272  -2 -4.1  7  19 09  27  18 54  F
                    1 Fri  Mar  20  18 43  270   36 20  18 274  -3 -5.6 20  20 11  88  19 22  A
 2026 Apr  17 16 52   Fri 
                    0 Fri  Apr  17  18 55  282    2 03   0 286  -4 -3.8  4  18 57   2  18 56  F
                    1 Sat  Apr  18  18 56  282   26 04  14 286  -4 -5.1 16  20 06  70  19 27  A
 2026 May  17 01 01   Sun 
                    0 Sun  May  17  19 10  292   18 09  10 294  -2 -4.7 12  20 05  55  19 34  A
 2026 June 15 07 54   Mon 
                    0 Mon  June 15  19 23  296   11 29   6 297  -1 -4.3  8  20 00  37  19 39  E
                    1 Tues June 16  19 23  296   35 29  19 290   6 -5.7 21  21 01  98  20 07  A
 2026 July 14 14 44   Tues
                    0 Tues July 14  19 24  294    4 40   2 295  -1 -3.8  4  19 39  15  19 31  F
                    1 Wed  July 15  19 24  294   28 40  13 286   9 -5.2 17  20 28  64  19 52  A
 2026 Aug  12 22 37   Wed 
                    1 Thur Aug  13  19 08  286   20 31   6 278   8 -4.6 11  19 40  32  19 22  D
                    2 Fri  Aug  14  19 07  286   44 30  14 267  19 -6.0 24  20 15  68  19 38  A
 2026 Sept 11 08 27   Fri 
                    0 Fri  Sept 11  18 40  275   10 13   0 270   5 -4.0  6  18 45   5  18 42  F
                    1 Sat  Sept 12  18 39  275   34 12   8 259  16 -5.4 18  19 18  39  18 56  A
 2026 Oct  10 20 50   Sat 
                    1 Sun  Oct  11  18 09  263   21 19   2 252  11 -4.6 11  18 23  14  18 15  F
                    2 Mon  Oct  12  18 08  262   45 18   9 242  20 -5.8 23  18 59  51  18 31  A
 2026 Nov   9 12 02   Mon 
                    0 Mon  Nov   9  17 47  252    5 45  -3 246   6 -4.0  6  17 36 -11  17 42  F
                    1 Tues Nov  10  17 47  251   29 45   5 238  13 -5.0 15  18 18  32  18 01  C
                    2 Wed  Nov  11  17 46  251   53 44  13 230  21 -6.1 26  19 05  79  18 21  A
 2026 Dec   9 05 52   Wed 
                    0 Wed  Dec   9  17 43  245   11 51   1 239   7 -4.1  7  17 50   7  17 46  F
                    1 Thur Dec  10  17 44  245   35 52  10 233  12 -5.2 17  18 43  59  18 10  A
 2027 Jan   8 01 24   Fri 
                    0 Fri  Jan   8  17 59  246   16 35   5 241   5 -4.2  8  18 27  28  18 11  F
                    1 Sat  Jan   9  18 00  246   40 36  15 239   7 -5.4 18  19 21  82  18 36  A
 2027 Feb   6 20 56   Sat 
                    1 Sun  Feb   7  18 21  254   21 25   8 253   1 -4.5 10  19 03  42  18 40  C
                    2 Mon  Feb   8  18 21  254   45 25  19 253   1 -5.7 21  19 56  94  19 03  A
 2027 Mar   8 14 29   Mon 
                    0 Mon  Mar   8  18 37  265    4 08   0 268  -2 -3.7  3  18 43   5  18 40  F
                    1 Tues Mar   9  18 38  265   28 09  12 269  -3 -4.9 14  19 37  59  19 04  A
 2027 Apr   7 04 51   Wed 
                    0 Wed  Apr   7  18 51  278   14 00   6 282  -4 -4.3  9  19 21  31  19 04  F
                    1 Thur Apr   8  18 51  278   38 00  18 283  -4 -5.6 20  20 22  91  19 32  A
 2027 May   6 15 59   Thur
                    0 Thur May   6  19 04  289    3 05   1 293  -5 -3.9  5  19 12   8  19 07  F
                    1 Fri  May   7  19 05  289   27 06  14 291  -2 -5.1 16  20 18  74  19 37  A
 2027 June  5 00 40   Sat 
                    0 Sat  June  5  19 19  295   18 39  10 295   0 -4.6 11  20 13  54  19 43  B
                    1 Sun  June  6  19 19  296   42 39  22 289   7 -6.0 25  21 14 115  20 10  A
 2027 July  4 08 02   Sun 
                    0 Sun  July  4  19 25  296   11 23   5 294   2 -4.1  7  19 54  29  19 38  F
                    1 Mon  July  5  19 25  296   35 23  16 285  11 -5.7 21  20 46  80  20 01  A
 2027 Aug   2 15 05   Mon 
                    0 Mon  Aug   2  19 16  290    4 11   0 288   2 -3.6  2  19 20   4  19 18  F
                    1 Tues Aug   3  19 16  290   28 11   9 277  12 -5.2 17  20 03  47  19 36  A
 2027 Aug  31 22 41   Tues
                    1 Wed  Sept  1  18 51  279   20 10   4 269  11 -4.7 12  19 11  20  19 00  F
                    2 Thur Sept  2  18 50  279   44 09  12 257  22 -6.1 26  19 48  58  19 16  A
 2027 Sept 30 07 36   Thur
                    0 Thur Sept 30  18 20  267   10 44  -1 260   8 -4.2  8  18 19  -2  18 20  F
                    1 Fri  Oct   1  18 19  267   34 43   7 249  18 -5.5 20  18 58  38  18 36  A
 2027 Oct  29 18 37   Fri 
                    1 Sat  Oct  30  17 53  255   23 16   3 243  12 -4.8 13  18 15  22  18 03  F
                    2 Sun  Oct  31  17 53  255   47 16  12 234  21 -6.1 25  19 03  70  18 24  A
 2027 Nov  28 08 24   Sun 
                    0 Sun  Nov  28  17 42  247    9 18   0 241   6 -4.0  6  17 44   2  17 43  F
                    1 Mon  Nov  29  17 42  247   33 18   9 234  12 -5.2 17  18 38  56  18 07  A
 2027 Dec  28 01 12   Tues
                    0 Tues Dec  28  17 51  245   16 39   5 240   5 -4.2  8  18 20  29  18 04  F
                    1 Wed  Dec  29  17 52  245   40 40  15 236   8 -5.4 19  19 16  84  18 29  A
 2028 Jan  26 20 12   Wed 
                    1 Thur Jan  27  18 13  250   22 01   8 249   1 -4.5 10  18 56  44  18 32  C
                    2 Fri  Jan  28  18 14  250   46 02  19 249   2 -5.6 21  19 48  94  18 55  A
 2028 Feb  25 15 37   Fri 
                    0 Fri  Feb  25  18 32  260    2 55   0 263  -3 -3.7  3  18 34   3  18 33  F
                    1 Sat  Feb  26  18 32  261   26 55  11 264  -3 -4.8 13  19 24  52  18 55  A
 2028 Mar  26 09 31   Sun 
                    0 Sun  Mar  26  18 46  273    9 15   3 278  -5 -4.1  6  19 02  16  18 53  F
                    1 Mon  Mar  27  18 46  274   33 15  14 278  -5 -5.2 16  19 55  69  19 17  A
 2028 Apr  25 00 47   Tues
                    0 Tues Apr  25  18 59  285   18 12   8 289  -4 -4.5 10  19 40  41  19 17  C
                    1 Wed  Apr  26  19 00  286   42 13  19 288  -2 -5.7 21  20 40 100  19 44  A
 2028 May  24 13 16   Wed 
                    0 Wed  May  24  19 14  294    5 58   2 296  -3 -3.9  5  19 29  16  19 21  F
                    1 Thur May  25  19 14  294   29 58  14 292   2 -5.1 16  20 29  75  19 47  A
 2028 June 22 23 27   Thur
                    1 Fri  June 23  19 25  296   19 58   8 292   5 -4.6 11  20 10  45  19 45  B
                    2 Sat  June 24  19 25  296   43 58  19 284  13 -6.0 24  21 00  95  20 07  A
 2028 July 22 08 02   Sat 
                    0 Sat  July 22  19 21  293   11 19   2 288   5 -4.1  7  19 37  16  19 28  F
                    1 Sun  July 23  19 21  292   35 19  12 277  15 -5.6 20  20 20  60  19 47  A
 2028 Aug  20 15 44   Sun 
                    0 Sun  Aug  20  19 02  284    3 18  -3 280   4 -3.7  4  18 53  -9  18 58  F
                    1 Mon  Aug  21  19 01  283   27 17   6 269  15 -5.2 17  19 33  32  19 15  B
 2028 Sept 18 23 24   Mon 
                    1 Tues Sept 19  18 31  272   19 07   2 260  12 -4.8 12  18 44  13  18 37  F
                    2 Wed  Sept 20  18 30  271   43 06  11 248  23 -6.2 26  19 27  57  18 55  A
 2028 Oct  18 07 57   Wed 
                    0 Wed  Oct  18  18 02  259   10 05  -1 252   8 -4.2  8  18 00  -2  18 01  F
                    1 Thur Oct  19  18 01  259   34 04   8 242  18 -5.6 20  18 48  47  18 22  A
 2028 Nov  16 18 18   Thur
                    1 Fri  Nov  17  17 44  249   23 26   6 238  11 -4.9 13  18 21  37  18 00  C
                    2 Sat  Nov  18  17 44  249   47 26  17 230  19 -6.2 26  19 20  96  18 26  A
 2028 Dec  16 07 06   Sat 
                    0 Sat  Dec  16  17 46  245   10 40   2 241   4 -4.0  6  18 03  17  17 53  F
                    1 Sun  Dec  17  17 46  244   34 40  14 236   9 -5.3 18  19 04  78  18 21  A
 2029 Jan  14 22 24   Sun 
                    1 Mon  Jan  15  18 04  247   19 40   8 246   1 -4.5 10  18 48  43  18 24  C
                    2 Tues Jan  16  18 05  247   43 41  19 245   3 -5.7 21  19 43  98  18 49  A
 2029 Feb  13 15 31   Tues
                    0 Tues Feb  13  18 25  256    2 54   0 259  -3 -3.7  4  18 29   4  18 27  F
                    1 Wed  Feb  14  18 26  256   26 55  11 259  -3 -4.8 13  19 21  55  18 50  A
 2029 Mar  15 09 19   Thur
                    0 Thur Mar  15  18 41  268    9 22   3 273  -5 -4.1  6  18 57  16  18 48  F
                    1 Fri  Mar  16  18 41  269   33 22  14 274  -5 -5.1 16  19 47  66  19 11  A
 2029 Apr  14 02 40   Sat 
                    0 Sat  Apr  14  18 54  281   16 14   6 285  -4 -4.3  9  19 26  32  19 08  F
                    1 Sun  Apr  15  18 54  281   40 14  17 284  -3 -5.4 19  20 19  85  19 32  A
 2029 May  13 18 42   Sun 
                    0 Sun  May  13  19 08  291    0 26  -1 294  -3 -3.7  3  19 08   0  19 08  F
                    1 Mon  May  14  19 08  291   24 26  10 291   0 -4.7 12  20 02  54  19 32  B
 2029 June 12 08 50   Tues
                    0 Tues June 12  19 22  296   10 32   3 295   1 -3.9  5  19 42  20  19 31  F
                    1 Wed  June 13  19 22  296   34 32  13 289   8 -5.2 17  20 32  70  19 53  A
 2029 July 11 20 51   Wed 
                    1 Thur July 12  19 24  295   22 33   6 286   9 -4.7 12  19 58  33  19 39  D
                    2 Fri  July 13  19 24  294   46 33  15 277  18 -6.0 25  20 39  75  19 58  A
 2029 Aug  10 06 56   Fri 
                    0 Fri  Aug  10  19 10  287   12 14   0 280   8 -4.2  8  19 15   5  19 12  F
                    1 Sat  Aug  11  19 10  287   36 14   9 269  18 -5.6 21  19 54  45  19 29  A
 2029 Sept  8 15 44   Sat 
                    0 Sat  Sept  8  18 43  276    2 59  -4 272   5 -3.9  5  18 28 -16  18 36  F
                    1 Sun  Sept  9  18 42  276   26 58   5 261  15 -5.2 16  19 08  26  18 54  C
                    2 Mon  Sept 10  18 41  276   50 57  14 250  26 -6.5 30  19 50  69  19 12  A
 2029 Oct   8 00 14   Mon 
                    0 Mon  Oct   8  18 12  264   17 58   2 253  11 -4.7 12  18 25  14  18 18  F
                    1 Tues Oct   9  18 11  263   41 57  12 242  21 -6.1 25  19 14  64  18 39  A
 2029 Nov   6 09 24   Tues
                    0 Tues Nov   6  17 49  253    8 25   0 247   6 -4.0  6  17 51   3  17 50  F
                    1 Wed  Nov   7  17 48  252   32 24  11 238  15 -5.5 19  18 49  61  18 15  A
 2029 Dec   5 19 52   Wed 
                    1 Thur Dec   6  17 43  245   21 51   9 239   7 -4.8 13  18 33  50  18 05  B
                    2 Fri  Dec   7  17 43  245   45 51  21 232  13 -6.2 26  19 39 116  18 34  A
 2030 Jan   4 07 49   Fri 
                    0 Fri  Jan   4  17 56  245   10 07   4 245   0 -4.0  6  18 21  25  18 07  F
                    1 Sat  Jan   5  17 57  245   34 08  17 242   3 -5.5 19  19 25  88  18 36  A
 2030 Feb   2 21 07   Sat 
                    1 Sun  Feb   3  18 18  252   21 11  10 255  -3 -4.7 12  19 08  50  18 40  B
                    2 Mon  Feb   4  18 19  253   45 12  22 254  -2 -5.9 24  20 04 105  19 06  A
 2030 Mar   4 11 35   Mon 
                    0 Mon  Mar   4  18 36  263    7 01   2 268  -5 -4.0  6  18 48  12  18 41  F
                    1 Tues Mar   5  18 36  264   31 01  14 268  -5 -5.1 16  19 42  66  19 05  A
 2030 Apr   3 03 02   Wed 
                    0 Wed  Apr   3  18 49  276   15 47   6 280  -4 -4.3  8  19 20  31  19 03  F
                    1 Thur Apr   4  18 49  277   39 47  17 280  -3 -5.4 19  20 12  83  19 26  A
 2030 May   2 19 12   Thur
                    1 Fri  May   3  19 03  288   23 51   9 288   0 -4.6 11  19 52  49  19 25  B
 2030 June  1 11 21   Sat 
                    0 Sat  June  1  19 17  295    7 56   2 294   1 -3.7  4  19 30  13  19 23  F
                    1 Sun  June  2  19 18  295   31 57  12 289   6 -5.0 15  20 18  61  19 45  A
 2030 July  1 02 34   Mon 
                    0 Mon  July  1  19 25  296   16 51   3 290   6 -4.3  8  19 46  21  19 35  F
                    1 Tues July  2  19 25  296   40 51  12 282  14 -5.5 19  20 27  62  19 53  A
 2030 July 30 16 11   Tues
                    0 Tues July 30  19 18  291    3 07  -3 287   4 -3.8  4  19 06 -12  19 12  F
                    1 Wed  July 31  19 17  290   27 06   5 278  12 -4.9 14  19 44  27  19 29  D
                    2 Thur Aug   1  19 17  290   51 06  13 269  21 -6.1 26  20 21  64  19 45  A
 2030 Aug  29 04 07   Thur
                    0 Thur Aug  29  18 54  281   14 47   0 272   9 -4.4  9  18 56   3  18 55  F
                    1 Fri  Aug  30  18 53  280   38 46   8 262  18 -5.7 21  19 34  41  19 11  A
 2030 Sept 27 14 55   Fri 
                    0 Fri  Sept 27  18 23  268    3 28  -4 264   4 -3.9  5  18 09 -14  18 17  F
                    1 Sat  Sept 28  18 22  268   27 27   5 254  14 -5.1 16  18 51  29  18 35  C
                    2 Sun  Sept 29  18 21  268   51 26  15 244  24 -6.4 29  19 37  76  18 55  A
 2030 Oct  27 01 17   Sun 
                    0 Sun  Oct  27  17 55  256   16 38   3 248   8 -4.5 10  18 16  21  18 04  F
                    1 Mon  Oct  28  17 54  256   40 37  14 238  18 -5.9 23  19 11  76  18 28  A
 2030 Nov  25 11 46   Mon 
                    0 Mon  Nov  25  17 42  247    5 56   1 245   2 -3.7  3  17 51   9  17 46  F
                    1 Tues Nov  26  17 42  247   29 56  13 237  10 -5.3 18  18 55  72  18 14  A
 2030 Dec  24 22 32   Tues
                    1 Wed  Dec  25  17 50  244   19 18  10 243   2 -4.7 12  18 44  54  18 14  A
 2031 Jan  23 09 31   Thur
                    0 Thur Jan  23  18 10  249    8 39   4 252  -3 -4.1  7  18 34  24  18 20  F
                    1 Fri  Jan  24  18 11  249   32 40  18 250  -1 -5.5 19  19 39  88  18 50  A
 2031 Feb  21 20 49   Fri 
                    1 Sat  Feb  22  18 30  259   21 41  10 263  -4 -4.8 13  19 22  52  18 53  A
 2031 Mar  23 08 49   Sun 
                    0 Sun  Mar  23  18 44  272    9 55   3 275  -4 -4.1  7  19 04  20  18 53  F
                    1 Mon  Mar  24  18 45  272   33 56  16 275  -3 -5.3 18  20 01  77  19 19  A
 2031 Apr  21 21 57   Mon 
                    1 Tues Apr  22  18 57  284   21 00   9 284   0 -4.5 10  19 42  45  19 17  B
                    2 Wed  Apr  23  18 58  284   45 01  20 282   2 -5.7 22  20 36  99  19 42  A
 2031 May  21 12 17   Wed 
                    0 Wed  May  21  19 12  293    6 55   1 291   1 -3.7  3  19 22  10  19 16  F
                    1 Thur May  22  19 12  293   30 55  12 288   5 -5.0 14  20 13  61  19 39  A
 2031 June 20 03 25   Fri 
                    0 Fri  June 20  19 24  296   15 59   3 290   6 -4.2  8  19 44  20  19 33  F
                    1 Sat  June 21  19 24  296   39 59  12 284  12 -5.4 19  20 26  62  19 52  A
 2031 July 19 18 40   Sat 
                    0 Sat  July 19  19 23  293    0 43  -4 290   4 -3.8  4  19 07 -16  19 16  F
                    1 Sun  July 20  19 22  293   24 42   4 282  11 -4.7 12  19 45  23  19 32  F
                    2 Mon  July 21  19 22  293   48 42  12 275  18 -5.8 23  20 21  59  19 48  A
 2031 Aug  18 09 32   Mon 
                    0 Mon  Aug  18  19 04  285    9 32  -2 278   7 -4.1  7  18 58  -6  19 01  F
                    1 Tues Aug  19  19 03  284   33 31   6 270  15 -5.2 16  19 33  30  19 17  C
                    2 Wed  Aug  20  19 02  284   57 30  14 261  23 -6.3 28  20 08  66  19 32  A
 2031 Sept 16 23 47   Tues
                    1 Wed  Sept 17  18 34  273   18 47   2 263   9 -4.5 10  18 45  11  18 39  F
                    2 Thur Sept 18  18 33  272   42 46  10 255  18 -5.7 21  19 23  50  18 55  A
 2031 Oct  16 13 21   Thur
                    0 Thur Oct  16  18 04  261    4 43  -2 257   3 -3.7  3  18 01  -4  18 03  F
                    1 Fri  Oct  17  18 04  260   28 43   8 249  12 -5.0 15  18 45  41  18 22  B
 2031 Nov  15 02 10   Sat 
                    0 Sat  Nov  15  17 45  250   15 35   5 245   5 -4.3  9  18 16  31  17 58  F
                    1 Sun  Nov  16  17 44  250   39 34  16 237  13 -5.8 22  19 13  89  18 24  A
 2031 Dec  14 14 06   Sun 
                    0 Sun  Dec  14  17 45  245    3 39   1 246  -2 -3.7  4  17 56  12  17 50  F
                    1 Mon  Dec  15  17 45  245   27 39  14 240   4 -5.2 17  19 01  76  18 19  A
 2032 Jan  13 01 07   Tues
                    0 Tues Jan  13  18 02  247   16 55   9 248  -2 -4.6 11  18 51  49  18 24  B
                    1 Wed  Jan  14  18 03  247   40 56  23 245   2 -6.0 25  19 59 116  18 54  A
 2032 Feb  11 11 24   Wed 
                    0 Wed  Feb  11  18 23  255    6 59   3 259  -4 -4.1  6  18 40  17  18 31  F
                    1 Thur Feb  12  18 24  255   31 00  17 258  -3 -5.4 19  19 46  82  19 01  A
 2032 Mar  11 21 25   Thur
                    1 Fri  Mar  12  18 40  267   21 15  10 270  -3 -4.8 13  19 32  52  19 03  A
 2032 Apr  10 07 39   Sat 
                    0 Sat  Apr  10  18 52  280   11 13   4 280  -1 -4.0  6  19 17  24  19 03  F
                    1 Sun  Apr  11  18 53  280   35 14  17 279   1 -5.5 19  20 18  85  19 30  A
 2032 May   9 18 36   Sun 
                    0 Sun  May   9  19 06  290    0 30  -2 289   1 -3.4  1  19 02  -4  19 04  F
                    1 Mon  May  10  19 07  290   24 31  10 286   5 -4.8 13  19 59  53  19 30  A
 2032 June  8 06 32   Tues
                    0 Tues June  8  19 20  296   12 48   3 290   6 -4.2  7  19 37  17  19 28  F
                    1 Wed  June  9  19 21  296   36 49  13 285  11 -5.4 18  20 26  65  19 50  A
 2032 July  7 19 41   Wed 
                    1 Thur July  8  19 25  295   23 44   4 285  10 -4.7 12  19 50  25  19 36  F
                    2 Fri  July  9  19 25  295   47 44  13 278  17 -5.8 23  20 30  65  19 54  A
 2032 Aug   6 10 11   Fri 
                    0 Fri  Aug   6  19 13  289    9 02  -2 282   6 -4.0  6  19 07  -6  19 10  F
                    1 Sat  Aug   7  19 12  288   33 01   6 275  14 -5.1 16  19 43  31  19 26  C
                    2 Sun  Aug   8  19 12  288   57 01  14 267  21 -6.2 26  20 18  66  19 41  A
 2032 Sept  5 01 57   Sun 
                    0 Sun  Sept  5  18 46  278   16 49   1 270   8 -4.3  8  18 54   8  18 50  F
                    1 Mon  Sept  6  18 45  277   40 48   9 262  16 -5.4 19  19 29  44  19 04  A
 2032 Oct   4 18 26   Mon 
                    1 Tues Oct   5  18 14  265   23 48   5 256   9 -4.6 11  18 42  28  18 27  F
                    2 Wed  Oct   6  18 13  264   47 47  14 248  17 -5.8 22  19 22  69  18 44  A
 2032 Nov   3 10 45   Wed 
                    0 Wed  Nov   3  17 50  253    7 05   2 252   1 -3.7  4  18 02  12  17 55  F
                    1 Thur Nov   4  17 49  253   31 04  11 244   9 -5.1 15  18 48  58  18 15  A
 2032 Dec   3 01 53   Fri 
                    0 Fri  Dec   3  17 42  246   15 49   7 244   1 -4.4  9  18 23  40  18 00  C
                    1 Sat  Dec   4  17 42  246   39 49  18 238   8 -5.7 21  19 20  97  18 26  A
 2033 Jan   1 15 17   Sat 
                    0 Sat  Jan   1  17 54  245    2 37   1 249  -4 -3.9  5  18 05  11  17 59  F
                    1 Sun  Jan   2  17 55  245   26 38  14 244   1 -5.1 16  19 08  73  18 27  A
 2033 Jan  31 03 00   Mon 
                    0 Mon  Jan  31  18 16  251   15 16   8 254  -3 -4.5 10  18 57  40  18 34  C
                    1 Tues Feb   1  18 17  252   39 17  21 252   0 -5.9 23  20 02 105  19 04  A
 2033 Mar   1 13 23   Tues
                    0 Tues Mar   1  18 34  262    5 11   1 265  -3 -3.8  4  18 44  10  18 39  F
                    1 Wed  Mar   2  18 35  263   29 12  16 264  -1 -5.3 17  19 50  76  19 08  A
 2033 Mar  30 22 52   Wed 
                    1 Thur Mar  31  18 48  275   19 56  10 275   1 -4.7 12  19 38  50  19 10  A
 2033 Apr  29 07 46   Fri 
                    0 Fri  Apr  29  19 01  287   11 15   4 284   3 -4.1  7  19 25  24  19 12  F
                    1 Sat  Apr  30  19 01  287   35 15  18 281   6 -5.6 20  20 29  87  19 40  A
 2033 May  28 16 36   Sat 
                    0 Sat  May  28  19 15  294    2 39  -2 290   4 -3.8  4  19 12  -4  19 14  F
                    1 Sun  May  29  19 16  294   26 40  10 285   9 -5.1 15  20 10  55  19 40  A
 2033 June 27 02 07   Mon 
                    0 Mon  June 27  19 25  296   17 18   3 287   9 -4.5 10  19 45  20  19 34  F
                    1 Tues June 28  19 25  296   41 18  14 281  15 -5.7 22  20 33  68  19 55  A
 2033 July 26 13 12   Tues
                    0 Tues July 26  19 20  292    6 08  -2 286   6 -4.0  6  19 12  -8  19 16  F
                    1 Wed  July 27  19 19  291   30 07   7 279  13 -5.1 15  19 53  34  19 34  C
                    2 Thur July 28  19 19  291   54 07  15 271  20 -6.2 26  20 32  73  19 51  A
 2033 Aug  25 02 40   Thur
                    0 Thur Aug  25  18 57  282   16 17   1 275   7 -4.3  8  19 08  10  19 02  F
                    1 Fri  Aug  26  18 56  282   40 16  10 267  15 -5.4 19  19 43  47  19 17  A
 2033 Sept 23 18 40   Fri 
                    1 Sat  Sept 24  18 26  270   23 46   5 262   8 -4.6 11  18 54  28  18 39  F
                    2 Sun  Sept 25  18 25  269   47 45  13 254  16 -5.7 22  19 30  65  18 54  A
 2033 Oct  23 12 28   Sun 
                    0 Sun  Oct  23  17 58  258    5 30   1 257   0 -3.7  3  18 08  10  18 02  F
                    1 Mon  Oct  24  17 57  257   29 29  10 250   8 -4.9 14  18 47  50  18 19  A
 2033 Nov  22 06 39   Tues
                    0 Tues Nov  22  17 43  248   11 04   5 248   0 -4.1  7  18 10  28  17 55  F
                    1 Wed  Nov  23  17 43  248   35 04  14 241   7 -5.3 17  18 57  75  18 16  A
 2033 Dec  21 23 46   Wed 
                    1 Thur Dec  22  17 48  244   18 02   8 245  -1 -4.5 10  18 34  46  18 09  B
                    2 Fri  Dec  23  17 49  244   42 03  19 240   5 -5.7 21  19 29 101  18 34  A
 2034 Jan  20 15 01   Fri 
                    0 Fri  Jan  20  18 08  248    3 07   1 252  -4 -3.9  5  18 16   8  18 12  F
                    1 Sat  Jan  21  18 09  248   27 08  13 249   0 -5.0 15  19 15  66  18 38  A
 2034 Feb  19 04 10   Sun 
                    0 Sun  Feb  19  18 28  258   14 18   6 260  -2 -4.3  8  19 01  33  18 43  E
                    1 Mon  Feb  20  18 29  259   38 19  20 258   1 -5.7 21  20 04  95  19 11  A
 2034 Mar  20 15 14   Mon 
                    0 Mon  Mar  20  18 43  270    3 29   0 270   0 -3.5  2  18 48   5  18 45  F
                    1 Tues Mar  21  18 43  271   27 29  14 269   2 -5.1 16  19 52  69  19 14  A
 2034 Apr  19 00 26   Wed 
                    0 Wed  Apr  19  18 56  283   18 30   9 279   4 -4.6 11  19 41  45  19 16  B
                    1 Thur Apr  20  18 56  283   42 30  23 276   7 -6.1 26  20 48 111  19 46  A
 2034 May  18 08 12   Thur
                    0 Thur May  18  19 10  292   10 58   3 286   6 -4.2  8  19 31  20  19 19  F
                    1 Fri  May  19  19 11  292   34 59  17 282  10 -5.7 21  20 35  84  19 48  A
 2034 June 16 15 26   Fri 
                    0 Fri  June 16  19 23  296    3 57  -2 291   6 -3.9  6  19 17  -5  19 20  F
                    1 Sat  June 17  19 23  296   27 57  10 285  12 -5.2 17  20 17  53  19 47  A
 2034 July 15 23 15   Sat 
                    1 Sun  July 16  19 24  294   20 09   5 284  10 -4.7 12  19 49  25  19 35  F
                    2 Mon  July 17  19 23  294   44 08  15 276  17 -6.0 24  20 36  73  19 56  A
 2034 Aug  14 08 53   Mon 
                    0 Mon  Aug  14  19 07  286   10 14   0 281   5 -4.0  6  19 13   5  19 10  F
                    1 Tues Aug  15  19 06  286   34 13  10 272  13 -5.3 18  19 54  47  19 28  A
 2034 Sept 12 21 14   Tues
                    1 Wed  Sept 13  18 38  274   21 24   6 267   7 -4.5 10  19 07  29  18 51  E
                    2 Thur Sept 14  18 37  274   45 23  14 259  15 -5.7 22  19 45  67  19 07  A
 2034 Oct  12 12 33   Thur
                    0 Thur Oct  12  18 08  262    5 35   2 262   0 -3.7  4  18 20  12  18 13  F
                    1 Fri  Oct  13  18 07  262   29 34  10 254   8 -4.9 14  18 57  50  18 29  A
 2034 Nov  11 06 16   Sat 
                    0 Sat  Nov  11  17 46  251   11 30   5 251   0 -4.1  7  18 14  28  17 59  F
                    1 Sun  Nov  12  17 46  251   35 30  14 244   7 -5.2 17  18 56  70  18 17  A
 2034 Dec  11 01 14   Mon 
                    0 Mon  Dec  11  17 44  245   16 30   7 245   0 -4.4  9  18 23  40  18 01  D
                    1 Tues Dec  12  17 44  245   40 30  17 239   6 -5.5 19  19 12  88  18 23  A
 2035 Jan   9 20 03   Tues
                    1 Wed  Jan  10  18 00  246   21 57   9 246   0 -4.6 11  18 49  49  18 22  B
                    2 Thur Jan  11  18 01  246   45 58  20 242   4 -5.8 22  19 42 101  18 46  A
 2035 Feb   8 13 22   Thur
                    0 Thur Feb   8  18 21  254    4 59   1 256  -2 -3.7  3  18 30   8  18 25  F
                    1 Fri  Feb   9  18 22  254   29 00  13 253   1 -5.0 14  19 25  63  18 50  A
 2035 Mar  10 04 09   Sat 
                    0 Sat  Mar  10  18 38  266   14 29   6 265   1 -4.2  8  19 09  30  18 52  F
                    1 Sun  Mar  11  18 39  266   38 30  19 263   3 -5.6 21  20 08  89  19 18  A
 2035 Apr   8 15 58   Sun 
                    0 Sun  Apr   8  18 51  278    2 53   0 275   3 -3.7  3  18 53   2  18 52  F
                    1 Mon  Apr   9  18 51  279   26 53  13 274   5 -5.1 16  19 56  64  19 20  A
 2035 May   8 01 04   Tues
                    0 Tues May   8  19 05  289   18 01   8 283   7 -4.7 12  19 46  40  19 23  C
                    1 Wed  May   9  19 06  290   42 02  21 280  10 -6.1 25  20 51 106  19 53  A
 2035 June  6 08 21   Wed 
                    0 Wed  June  6  19 19  296   10 58   2 289   7 -4.3  8  19 35  16  19 26  F
                    1 Thur June  7  19 20  296   34 59  16 283  12 -5.7 21  20 39  80  19 55  A
 2035 July  5 14 59   Thur
                    0 Thur July  5  19 25  296    4 26  -2 291   5 -3.9  5  19 21  -5  19 23  F
                    1 Fri  July  6  19 25  296   28 26  10 284  12 -5.3 17  20 19  53  19 49  A
 2035 Aug   3 22 12   Fri 
                    1 Sat  Aug   4  19 15  289   21 03   6 280   9 -4.7 12  19 48  33  19 30  C
                    2 Sun  Aug   5  19 14  289   45 02  17 271  18 -6.1 25  20 35  80  19 50  A
 2035 Sept  2 06 59   Sun 
                    0 Sun  Sept  2  18 50  279   11 51   3 275   4 -4.1  7  19 09  19  18 58  F
                    1 Mon  Sept  3  18 49  279   35 50  13 266  13 -5.5 19  19 51  62  19 16  A
 2035 Oct   1 18 07   Mon 
                    0 Mon  Oct   1  18 19  267    0 12   0 269  -2 -3.6  3  18 25   6  18 22  F
                    1 Tues Oct   2  18 18  266   24 11   9 260   7 -4.8 13  19 04  46  18 39  B
 2035 Oct  31 07 59   Wed 
                    0 Wed  Oct  31  17 52  255    9 53   5 255   0 -4.1  7  18 20  27  18 04  F
                    1 Thur Nov   1  17 52  254   33 53  13 247   8 -5.3 17  19 00  69  18 22  A
 2035 Nov  30 00 37   Fri 
                    0 Fri  Nov  30  17 42  246   17 05   7 246   1 -4.4  9  18 23  41  18 00  C
                    1 Sat  Dec   1  17 42  246   41 05  16 239   7 -5.5 19  19 08  86  18 20  A
 2035 Dec  29 19 31   Sat 
                    1 Sun  Dec  30  17 53  245   22 22   9 244   1 -4.5 11  18 40  48  18 14  B
 2036 Jan  28 15 17   Mon 
                    0 Mon  Jan  28  18 14  250    2 57   0 251  -1 -3.5  2  18 17   3  18 15  F
                    1 Tues Jan  29  18 14  251   26 57  10 249   2 -4.7 12  19 08  54  18 38  A
