 year  h   cd conj  f wk   mon  day  set   Saz    age  Alt Maz  dz  Mag El  mset  lag   best  cat
 2025 Jan  29 17 36   Wed 
                    1 Thur Jan  30  17 35  250   23 59  10 243   7 -4.9 13  18 32  57  18 01  A
 2025 Feb  28 05 45   Fri 
                    0 Fri  Feb  28  18 00  261   12 15   5 259   2 -4.1  7  18 28  29  18 12  F
                    1 Sat  Mar   1  18 01  262   36 16  19 259   3 -5.6 21  19 37  97  18 44  A
 2025 Mar  29 15 58   Sat 
                    0 Sat  Mar  29  18 20  275    2 22   0 276  -1 -3.5  2  18 23   3  18 21  F
                    1 Sun  Mar  30  18 21  275   26 23  14 275   0 -5.1 16  19 35  74  18 54  A
 2025 Apr  28 00 31   Mon 
                    0 Mon  Apr  28  18 40  287   18 09  10 289  -1 -4.7 12  19 36  56  19 05  B
                    1 Tues Apr  29  18 41  288   42 10  24 286   2 -6.1 25  20 52 131  19 39  A
 2025 May  27 08 02   Tues
                    0 Tues May  27  19 00  296   10 58   6 298  -2 -4.3  8  19 39  39  19 17  E
                    1 Wed  May  28  19 00  296   34 58  19 292   4 -5.7 21  20 49 108  19 49  A
 2025 June 25 15 32   Wed 
                    0 Wed  June 25  19 11  298    3 39   3 301  -3 -3.9  5  19 32  21  19 21  F
                    1 Thur June 26  19 11  298   27 39  13 292   6 -5.1 16  20 27  76  19 45  A
 2025 July 25 00 11   Fri 
                    0 Fri  July 25  19 04  294   18 53   7 288   5 -4.5 10  19 45  41  19 22  C
                    1 Sat  July 26  19 03  293   42 52  15 278  16 -5.8 22  20 19  76  19 37  A
 2025 Aug  23 11 07   Sat 
                    0 Sat  Aug  23  18 37  284    7 30   1 281   2 -3.8  4  18 49  11  18 42  F
                    1 Sun  Aug  24  18 36  283   31 29   8 271  12 -5.1 16  19 16  40  18 54  B
 2025 Sept 22 00 54   Mon 
                    0 Mon  Sept 22  17 59  271   17 05   1 263   8 -4.3  8  18 10  11  18 04  F
                    1 Tues Sept 23  17 58  270   41 04   7 253  17 -5.5 19  18 36  38  18 15  B
 2025 Oct  21 17 25   Tues
                    1 Wed  Oct  22  17 23  257   23 58   2 246  11 -4.7 12  17 35  12  17 29  F
                    2 Thur Oct  23  17 22  257   47 57   8 237  20 -5.8 22  18 08  47  17 43  A
 2025 Nov  20 11 47   Thur
                    0 Thur Nov  20  17 01  247    5 14  -4 242   5 -3.9  5  16 46 -15  16 55  F
                    1 Fri  Nov  21  17 01  247   29 14   4 234  13 -4.9 14  17 28  27  17 13  F
                    2 Sat  Nov  22  17 01  247   53 14  11 226  21 -6.0 25  18 16  75  17 34  A
 2025 Dec  20 06 43   Sat 
                    0 Sat  Dec  20  17 03  243   10 20  -1 236   7 -4.1  7  17 05   2  17 04  F
                    1 Sun  Dec  21  17 03  243   34 20   9 230  13 -5.2 16  18 02  59  17 29  A
 2026 Jan  19 00 52   Mon 
                    0 Mon  Jan  19  17 25  247   16 33   5 241   5 -4.3  8  17 55  30  17 38  F
                    1 Tues Jan  20  17 26  247   40 34  16 238   9 -5.5 20  18 57  91  18 06  A
 2026 Feb  17 17 01   Tues
                    0 Tues Feb  17  17 51  257    0 50  -2 256   1 -3.4  1  17 47  -4  17 49  F
                    1 Wed  Feb  18  17 52  257   24 51  11 255   2 -4.8 13  18 50  58  18 17  A
 2026 Mar  19 06 23   Thur
                    0 Thur Mar  19  18 13  270   11 50   5 271  -1 -4.1  7  18 41  28  18 26  F
                    1 Fri  Mar  20  18 14  270   35 51  18 271  -1 -5.6 20  19 48  94  18 56  A
 2026 Apr  17 16 52   Fri 
                    0 Fri  Apr  17  18 33  283    1 41   0 287  -4 -3.8  4  18 36   4  18 34  F
                    1 Sat  Apr  18  18 33  283   25 41  14 285  -2 -5.1 16  19 49  76  19 07  A
 2026 May  17 01 01   Sun 
                    0 Sun  May  17  18 53  294   17 52  10 294  -1 -4.7 12  19 53  60  19 20  A
 2026 June 15 07 54   Mon 
                    0 Mon  June 15  19 09  298   11 15   6 298   0 -4.2  8  19 49  40  19 27  E
                    1 Tues June 16  19 09  298   35 15  18 290   9 -5.7 21  20 49  99  19 53  A
 2026 July 14 14 44   Tues
                    0 Tues July 14  19 09  296    4 25   2 297   0 -3.8  4  19 25  16  19 16  F
                    1 Wed  July 15  19 09  296   28 25  11 286  10 -5.2 17  20 10  62  19 36  A
 2026 Aug  12 22 37   Wed 
                    1 Thur Aug  13  18 48  288   20 11   5 279   9 -4.6 11  19 17  28  19 01  F
                    2 Fri  Aug  14  18 47  287   44 10  12 267  20 -6.0 24  19 48  61  19 14  A
 2026 Sept 11 08 27   Fri 
                    0 Fri  Sept 11  18 14  276    9 47  -1 270   5 -4.0  6  18 15   1  18 15  F
                    1 Sat  Sept 12  18 13  275   33 46   6 259  16 -5.3 18  18 44  31  18 27  B
 2026 Oct  10 20 50   Sat 
                    1 Sun  Oct  11  17 36  262   20 46   1 251  11 -4.6 11  17 43   8  17 39  F
                    2 Mon  Oct  12  17 34  262   44 44   7 241  21 -5.8 23  18 16  42  17 53  A
 2026 Nov   9 12 02   Mon 
                    0 Mon  Nov   9  17 07  251    5 05  -4 245   5 -3.9  6  16 51 -17  17 00  F
                    1 Tues Nov  10  17 07  250   29 05   3 237  14 -5.0 15  17 31  24  17 17  F
                    2 Wed  Nov  11  17 06  250   53 04  11 228  22 -6.1 25  18 16  70  17 37  A
 2026 Dec   9 05 52   Wed 
                    0 Wed  Dec   9  16 59  243   11 07  -1 237   7 -4.1  7  17 00   1  17 00  F
                    1 Thur Dec  10  17 00  243   35 08   8 230  13 -5.2 16  17 53  54  17 23  A
 2027 Jan   8 01 24   Fri 
                    0 Fri  Jan   8  17 15  244   15 51   4 239   5 -4.2  7  17 40  25  17 27  F
                    1 Sat  Jan   9  17 16  244   39 52  14 235   9 -5.4 18  18 38  82  17 53  A
 2027 Feb   6 20 56   Sat 
                    1 Sun  Feb   7  17 42  253   20 46   8 251   2 -4.4 10  18 25  43  18 01  C
                    2 Mon  Feb   8  17 43  253   44 47  19 249   3 -5.6 21  19 22  99  18 27  A
 2027 Mar   8 14 29   Mon 
                    0 Mon  Mar   8  18 05  265    3 36   0 267  -2 -3.6  3  18 11   6  18 08  F
                    1 Tues Mar   9  18 06  265   27 37  12 267  -2 -4.9 14  19 09  63  18 34  A
 2027 Apr   7 04 51   Wed 
                    0 Wed  Apr   7  18 26  279   13 35   6 282  -3 -4.3  8  19 00  34  18 41  F
                    1 Thur Apr   8  18 26  279   37 35  18 281  -2 -5.6 20  20 05  98  19 10  A
 2027 May   6 15 59   Thur
                    0 Thur May   6  18 46  290    2 47   1 294  -4 -3.9  5  18 56  10  18 50  F
                    1 Fri  May   7  18 46  290   26 47  14 291   0 -5.1 16  20 05  79  19 21  A
 2027 June  5 00 40   Sat 
                    0 Sat  June  5  19 05  297   18 25   9 296   2 -4.6 11  20 01  57  19 30  B
                    1 Sun  June  6  19 05  297   42 25  21 288  10 -6.0 25  21 01 116  19 57  A
 2027 July  4 08 02   Sun 
                    0 Sun  July  4  19 11  298   11 09   4 295   3 -4.1  7  19 40  29  19 24  F
                    1 Mon  July  5  19 11  298   35 09  14 284  13 -5.6 21  20 28  77  19 46  A
 2027 Aug   2 15 05   Mon 
                    0 Mon  Aug   2  18 58  291    3 53   0 290   2 -3.6  2  19 01   2  18 59  F
                    1 Tues Aug   3  18 58  291   27 53   8 278  14 -5.2 17  19 39  42  19 16  B
 2027 Aug  31 22 41   Tues
                    1 Wed  Sept  1  18 27  280   19 46   2 269  11 -4.7 12  18 42  15  18 34  F
                    2 Thur Sept  2  18 26  280   43 45   9 257  23 -6.1 26  19 14  49  18 47  A
 2027 Sept 30 07 36   Thur
                    0 Thur Sept 30  17 50  267   10 14  -2 260   7 -4.2  7  17 43  -7  17 47  F
                    1 Fri  Oct   1  17 48  267   34 12   5 248  18 -5.5 20  18 18  29  18 01  B
 2027 Oct  29 18 37   Fri 
                    1 Sat  Oct  30  17 16  254   22 39   2 242  12 -4.8 13  17 30  14  17 22  F
                    2 Sun  Oct  31  17 15  254   46 38  10 232  22 -6.0 25  18 15  60  17 42  A
 2027 Nov  28 08 24   Sun 
                    0 Sun  Nov  28  16 59  245    8 35  -2 239   6 -4.0  6  16 55  -4  16 58  F
                    1 Mon  Nov  29  16 59  245   32 35   7 232  14 -5.2 16  17 49  49  17 21  B
 2027 Dec  28 01 12   Tues
                    0 Tues Dec  28  17 07  243   15 55   4 238   5 -4.2  8  17 33  26  17 19  F
                    1 Wed  Dec  29  17 08  243   39 56  14 233  10 -5.4 19  18 31  83  17 45  A
 2028 Jan  26 20 12   Wed 
                    1 Thur Jan  27  17 32  249   21 20   8 247   2 -4.4 10  18 17  45  17 52  C
                    2 Fri  Jan  28  17 33  249   45 21  18 245   4 -5.6 21  19 12  99  18 17  A
 2028 Feb  25 15 37   Fri 
                    0 Fri  Feb  25  17 57  260    2 20   0 263  -3 -3.7  3  18 00   3  17 58  F
                    1 Sat  Feb  26  17 58  260   26 21  11 262  -2 -4.8 13  18 54  56  18 23  A
 2028 Mar  26 09 31   Sun 
                    0 Sun  Mar  26  18 18  274    8 47   3 278  -4 -4.0  6  18 37  19  18 27  F
                    1 Mon  Mar  27  18 19  274   32 48  14 277  -3 -5.2 16  19 33  74  18 52  A
 2028 Apr  25 00 47   Tues
                    0 Tues Apr  25  18 38  286   17 51   8 289  -3 -4.5 10  19 24  46  18 59  C
                    1 Wed  Apr  26  18 39  287   41 52  19 286   1 -5.7 21  20 26 106  19 26  A
 2028 May  24 13 16   Wed 
                    0 Wed  May  24  18 58  295    5 42   2 298  -2 -3.9  5  19 16  18  19 06  F
                    1 Thur May  25  18 59  296   29 43  13 292   4 -5.1 16  20 17  78  19 33  A
 2028 June 22 23 27   Thur
                    1 Fri  June 23  19 11  298   19 44   7 293   6 -4.6 11  19 55  44  19 31  C
                    2 Sat  June 24  19 11  298   43 44  17 283  15 -6.0 24  20 43  91  19 52  A
 2028 July 22 08 02   Sat 
                    0 Sat  July 22  19 05  294   11 03   2 289   5 -4.1  6  19 18  13  19 11  F
                    1 Sun  July 23  19 05  294   35 03  10 277  17 -5.6 20  19 58  53  19 28  A
 2028 Aug  20 15 44   Sun 
                    0 Sun  Aug  20  18 40  285    2 56  -3 282   3 -3.7  4  18 28 -12  18 35  F
                    1 Mon  Aug  21  18 39  284   26 55   4 269  15 -5.2 16  19 04  25  18 50  C
                    2 Tues Aug  22  18 38  284   50 54  12 257  27 -6.6 30  19 40  62  19 05  A
 2028 Sept 18 23 24   Mon 
                    1 Tues Sept 19  18 03  272   18 39   0 260  12 -4.7 12  18 09   6  18 06  F
                    2 Wed  Sept 20  18 02  271   42 38   8 248  24 -6.1 26  18 48  46  18 22  A
 2028 Oct  18 07 57   Wed 
                    0 Wed  Oct  18  17 27  259    9 30  -2 251   7 -4.2  7  17 19  -8  17 23  F
                    1 Thur Oct  19  17 26  258   33 29   6 240  18 -5.6 20  18 04  38  17 43  A
 2028 Nov  16 18 18   Thur
                    1 Fri  Nov  17  17 03  248   22 45   4 237  11 -4.8 13  17 33  30  17 16  E
                    2 Sat  Nov  18  17 02  248   46 44  14 227  20 -6.1 26  18 32  90  17 42  A
 2028 Dec  16 07 06   Sat 
                    0 Sat  Dec  16  17 01  243    9 55   2 239   4 -3.9  5  17 15  14  17 08  F
                    1 Sun  Dec  17  17 02  243   33 56  12 232  11 -5.3 18  18 18  76  17 36  A
 2029 Jan  14 22 24   Sun 
                    1 Mon  Jan  15  17 22  246   18 58   8 244   2 -4.4  9  18 06  44  17 42  C
                    2 Tues Jan  16  17 23  246   42 59  19 240   5 -5.7 21  19 05 102  18 08  A
 2029 Feb  13 15 31   Tues
                    0 Tues Feb  13  17 48  255    2 17   0 258  -3 -3.7  4  17 52   4  17 50  F
                    1 Wed  Feb  14  17 49  255   26 18  11 257  -2 -4.8 13  18 48  59  18 15  A
 2029 Mar  15 09 19   Thur
                    0 Thur Mar  15  18 11  268    8 52   3 273  -4 -4.0  6  18 29  18  18 19  F
                    1 Fri  Mar  16  18 11  269   32 52  14 272  -3 -5.1 16  19 23  71  18 43  A
 2029 Apr  14 02 40   Sat 
                    0 Sat  Apr  14  18 31  282   15 51   6 285  -3 -4.3  9  19 06  36  18 47  E
                    1 Sun  Apr  15  18 31  282   39 51  17 283  -1 -5.4 19  20 02  91  19 12  A
 2029 May  13 18 42   Sun 
                    0 Sun  May  13  18 51  292    0 09  -1 296  -3 -3.7  3  18 52   1  18 51  F
                    1 Mon  May  14  18 51  293   24 09  10 291   1 -4.7 12  19 48  57  19 17  B
 2029 June 12 08 50   Tues
                    0 Tues June 12  19 08  298   10 18   3 296   2 -3.9  5  19 28  20  19 17  F
                    1 Wed  June 13  19 08  298   34 18  12 289   9 -5.2 17  20 17  68  19 39  A
 2029 July 11 20 51   Wed 
                    1 Thur July 12  19 10  296   22 19   5 287  10 -4.7 12  19 39  29  19 23  F
                    2 Fri  July 13  19 09  296   46 18  13 277  20 -6.0 24  20 17  68  19 40  A
 2029 Aug  10 06 56   Fri 
                    0 Fri  Aug  10  18 51  289   11 55  -1 281   8 -4.2  8  18 51   0  18 51  F
                    1 Sat  Aug  11  18 50  288   35 54   7 270  19 -5.6 20  19 27  37  19 06  A
 2029 Sept  8 15 44   Sat 
                    0 Sat  Sept  8  18 18  277    2 34  -5 273   4 -3.9  5  17 58 -20  18 09  F
                    1 Sun  Sept  9  18 16  276   26 32   3 261  15 -5.2 16  18 34  18  18 24  F
                    2 Mon  Sept 10  18 15  276   50 31  11 249  27 -6.5 30  19 13  58  18 41  A
 2029 Oct   8 00 14   Mon 
                    0 Mon  Oct   8  17 39  263   17 25   1 252  11 -4.6 11  17 46   7  17 42  F
                    1 Tues Oct   9  17 38  263   41 24   9 241  22 -6.0 25  18 32  54  18 02  A
 2029 Nov   6 09 24   Tues
                    0 Tues Nov   6  17 09  251    7 45  -1 246   6 -4.0  6  17 07  -2  17 08  F
                    1 Wed  Nov   7  17 09  251   31 45   9 235  16 -5.4 19  18 03  54  17 33  A
 2029 Dec   5 19 52   Wed 
                    1 Thur Dec   6  16 59  244   21 07   7 236   8 -4.7 12  17 46  47  17 20  B
                    2 Fri  Dec   7  16 59  244   45 07  19 228  16 -6.1 26  18 54 115  17 50  A
 2030 Jan   4 07 49   Fri 
                    0 Fri  Jan   4  17 12  244    9 23   4 243   1 -4.0  6  17 38  25  17 24  F
                    1 Sat  Jan   5  17 13  244   33 24  16 238   6 -5.4 19  18 44  91  17 54  A
 2030 Feb   2 21 07   Sat 
                    1 Sun  Feb   3  17 39  251   20 32  10 253  -1 -4.7 12  18 32  53  18 02  B
                    2 Mon  Feb   4  17 40  252   44 33  22 250   1 -5.9 23  19 32 112  18 30  A
 2030 Mar   4 11 35   Mon 
                    0 Mon  Mar   4  18 03  263    6 28   2 268  -4 -4.0  6  18 17  15  18 09  F
                    1 Tues Mar   5  18 03  264   30 28  14 266  -3 -5.1 16  19 14  71  18 35  A
 2030 Apr   3 03 02   Wed 
                    0 Wed  Apr   3  18 23  277   15 21   6 280  -3 -4.3  8  18 57  34  18 38  F
                    1 Thur Apr   4  18 24  277   39 22  17 278  -1 -5.4 19  19 52  89  19 03  A
 2030 May   2 19 12   Thur
                    1 Fri  May   3  18 44  289   23 32   9 288   1 -4.6 11  19 35  52  19 07  B
 2030 June  1 11 21   Sat 
                    0 Sat  June  1  19 03  297    7 42   1 295   1 -3.7  3  19 15  12  19 08  F
                    1 Sun  June  2  19 03  297   31 42  11 289   8 -5.0 14  20 03  60  19 30  A
 2030 July  1 02 34   Mon 
                    0 Mon  July  1  19 12  298   16 38   3 291   7 -4.3  8  19 29  17  19 19  F
                    1 Tues July  2  19 12  298   40 38  10 283  15 -5.5 19  20 08  56  19 37  A
 2030 July 30 16 11   Tues
                    0 Tues July 30  19 00  292    2 49  -4 289   4 -3.8  4  18 45 -16  18 53  F
                    1 Wed  July 31  19 00  292   26 49   3 279  13 -4.9 14  19 20  20  19 09  F
                    2 Thur Aug   1  18 59  292   50 48  11 269  23 -6.1 26  19 54  55  19 23  A
 2030 Aug  29 04 07   Thur
                    0 Thur Aug  29  18 30  281   14 23  -1 272   9 -4.4  9  18 27  -3  18 29  F
                    1 Fri  Aug  30  18 29  281   38 22   6 262  19 -5.6 21  19 02  33  18 44  B
 2030 Sept 27 14 55   Fri 
                    0 Fri  Sept 27  17 53  268    2 58  -5 264   4 -3.9  5  17 35 -18  17 45  F
                    1 Sat  Sept 28  17 52  268   26 57   4 254  14 -5.1 15  18 14  22  18 02  E
                    2 Sun  Sept 29  17 51  268   50 56  12 242  25 -6.4 28  18 56  66  18 20  A
 2030 Oct  27 01 17   Sun 
                    0 Sun  Oct  27  17 18  255   16 01   2 247   9 -4.4  9  17 34  16  17 25  F
                    1 Mon  Oct  28  17 17  255   40 00  12 236  19 -5.9 23  18 26  69  17 48  A
 2030 Nov  25 11 46   Mon 
                    0 Mon  Nov  25  17 00  246    5 14   0 244   2 -3.6  3  17 06   6  17 03  F
                    1 Tues Nov  26  17 00  246   29 14  11 234  11 -5.3 17  18 09  69  17 31  A
 2030 Dec  24 22 32   Tues
                    1 Wed  Dec  25  17 06  243   18 34   9 240   3 -4.6 11  18 00  55  17 30  B
                    2 Thur Dec  26  17 06  243   42 34  22 233  10 -6.1 25  19 11 125  18 01  A
 2031 Jan  23 09 31   Thur
                    0 Thur Jan  23  17 29  248    7 58   4 250  -3 -4.1  6  17 54  25  17 40  F
                    1 Fri  Jan  24  17 30  248   31 59  17 246   1 -5.5 19  19 02  93  18 11  A
 2031 Feb  21 20 49   Fri 
                    1 Sat  Feb  22  17 55  259   21 06  11 261  -3 -4.8 13  18 51  56  18 20  A
 2031 Mar  23 08 49   Sun 
                    0 Sun  Mar  23  18 16  272    9 27   4 275  -3 -4.0  6  18 38  22  18 26  F
                    1 Mon  Mar  24  18 16  272   33 27  16 273  -1 -5.3 17  19 38  82  18 53  A
 2031 Apr  21 21 57   Mon 
                    1 Tues Apr  22  18 36  285   20 39   8 284   1 -4.5 10  19 23  47  18 57  B
                    2 Wed  Apr  23  18 37  285   44 40  19 281   5 -5.7 21  20 19 102  19 22  A
 2031 May  21 12 17   Wed 
                    0 Wed  May  21  18 56  294    6 39   1 293   2 -3.7  3  19 05   9  19 00  F
                    1 Thur May  22  18 56  295   30 39  11 288   7 -5.0 14  19 57  60  19 23  A
 2031 June 20 03 25   Fri 
                    0 Fri  June 20  19 10  298   15 45   2 292   7 -4.2  8  19 27  16  19 18  F
                    1 Sat  June 21  19 11  298   39 46  11 285  14 -5.4 18  20 08  58  19 36  A
 2031 July 19 18 40   Sat 
                    0 Sat  July 19  19 07  295    0 27  -5 292   3 -3.8  4  18 47 -20  18 58  F
                    1 Sun  July 20  19 07  295   24 27   3 284  11 -4.7 12  19 23  17  19 14  F
                    2 Mon  July 21  19 06  295   48 26  10 275  20 -5.8 23  19 57  51  19 29  A
 2031 Aug  18 09 32   Mon 
                    0 Mon  Aug  18  18 43  286    9 11  -3 279   6 -4.1  7  18 32 -11  18 38  F
                    1 Tues Aug  19  18 42  285   33 10   4 270  15 -5.2 16  19 05  23  18 52  E
                    2 Wed  Aug  20  18 41  285   57 09  11 261  24 -6.3 27  19 37  56  19 06  A
 2031 Sept 16 23 47   Tues
                    1 Wed  Sept 17  18 06  273   18 19   0 264   9 -4.4 10  18 12   6  18 09  F
                    2 Thur Sept 18  18 05  273   42 18   8 254  19 -5.7 21  18 47  42  18 24  A
 2031 Oct  16 13 21   Thur
                    0 Thur Oct  16  17 30  260    4 09  -2 257   3 -3.6  3  17 23  -7  17 27  F
                    1 Fri  Oct  17  17 29  260   28 08   6 247  12 -5.0 15  18 05  36  17 45  C
                    2 Sat  Oct  18  17 28  259   52 07  14 237  22 -6.3 27  18 51  83  18 05  A
 2031 Nov  15 02 10   Sat 
                    0 Sat  Nov  15  17 04  249   14 54   4 243   5 -4.3  8  17 32  29  17 17  F
                    1 Sun  Nov  16  17 03  248   38 53  14 234  15 -5.7 22  18 29  86  17 41  A
 2031 Dec  14 14 06   Sun 
                    0 Sun  Dec  14  17 00  243    2 54   1 244  -1 -3.7  3  17 12  12  17 06  F
                    1 Mon  Dec  15  17 01  243   26 55  13 237   6 -5.2 16  18 18  77  17 35  A
 2032 Jan  13 01 07   Tues
                    0 Tues Jan  13  17 19  245   16 12   9 246  -1 -4.6 11  18 11  52  17 42  B
                    1 Wed  Jan  14  17 20  245   40 13  22 240   5 -6.0 24  19 21 121  18 14  A
 2032 Feb  11 11 24   Wed 
                    0 Wed  Feb  11  17 46  254    6 22   3 258  -4 -4.0  6  18 05  19  17 54  F
                    1 Thur Feb  12  17 46  254   30 22  17 255   0 -5.4 19  19 14  87  18 25  A
 2032 Mar  11 21 25   Thur
                    1 Fri  Mar  12  18 09  267   20 44  10 268  -1 -4.7 12  19 04  55  18 33  A
 2032 Apr  10 07 39   Sat 
                    0 Sat  Apr  10  18 28  280   10 49   4 280   0 -4.0  6  18 54  25  18 40  F
                    1 Sun  Apr  11  18 29  281   34 50  17 277   4 -5.4 19  19 57  88  19 08  A
 2032 May   9 18 36   Sun 
                    0 Sun  May   9  18 48  291    0 12  -2 290   1 -3.4  1  18 42  -6  18 46  F
                    1 Mon  May  10  18 49  292   24 13   9 286   6 -4.8 13  19 41  52  19 12  B
 2032 June  8 06 32   Tues
                    0 Tues June  8  19 06  298   12 34   2 292   6 -4.1  7  19 20  13  19 12  F
                    1 Wed  June  9  19 07  298   36 35  11 285  13 -5.4 18  20 08  61  19 34  A
 2032 July  7 19 41   Wed 
                    1 Thur July  8  19 11  297   23 30   3 286  11 -4.7 12  19 30  19  19 19  F
                    2 Fri  July  9  19 11  297   47 30  11 278  19 -5.8 23  20 08  57  19 36  A
 2032 Aug   6 10 11   Fri 
                    0 Fri  Aug   6  18 54  290    8 43  -3 284   6 -4.0  6  18 44 -10  18 50  F
                    1 Sat  Aug   7  18 53  290   32 42   4 275  14 -5.1 16  19 18  24  19 04  E
                    2 Sun  Aug   8  18 53  289   56 42  11 266  23 -6.2 26  19 50  57  19 18  A
 2032 Sept  5 01 57   Sun 
                    0 Sun  Sept  5  18 21  278   16 24   0 270   8 -4.3  8  18 24   3  18 22  F
                    1 Mon  Sept  6  18 20  278   40 23   7 261  16 -5.4 19  18 57  37  18 36  B
 2032 Oct   4 18 26   Mon 
                    1 Tues Oct   5  17 42  265   23 16   4 255   9 -4.6 11  18 06  24  17 53  F
                    2 Wed  Oct   6  17 41  264   47 15  11 246  18 -5.8 22  18 43  62  18 09  A
 2032 Nov   3 10 45   Wed 
                    0 Wed  Nov   3  17 12  252    6 27   1 251   2 -3.7  3  17 22  10  17 16  F
                    1 Thur Nov   4  17 11  252   30 26  10 242  10 -5.0 15  18 06  55  17 35  A
 2032 Dec   3 01 53   Fri 
                    0 Fri  Dec   3  16 59  244   15 06   7 242   2 -4.3  9  17 39  41  17 17  D
                    1 Sat  Dec   4  16 59  244   39 06  17 234  10 -5.7 21  18 37  98  17 42  A
 2033 Jan   1 15 17   Sat 
                    0 Sat  Jan   1  17 10  243    1 53   1 247  -4 -3.9  5  17 23  12  17 16  F
                    1 Sun  Jan   2  17 11  243   25 54  13 241   3 -5.1 15  18 27  76  17 45  A
 2033 Jan  31 03 00   Mon 
                    0 Mon  Jan  31  17 36  250   14 36   8 252  -2 -4.4 10  18 19  43  17 55  C
                    1 Tues Feb   1  17 37  251   38 37  21 248   3 -5.8 23  19 28 110  18 26  A
 2033 Mar   1 13 23   Tues
                    0 Tues Mar   1  18 01  262    4 38   1 265  -3 -3.8  4  18 12  11  18 06  F
                    1 Wed  Mar   2  18 01  262   28 38  15 262   1 -5.3 17  19 21  79  18 37  A
 2033 Mar  30 22 52   Wed 
                    1 Thur Mar  31  18 21  276   19 29   9 274   2 -4.6 11  19 13  51  18 44  B
                    2 Fri  Apr   1  18 22  276   43 30  23 270   6 -6.1 25  20 21 118  19 15  A
 2033 Apr  29 07 46   Fri 
                    0 Fri  Apr  29  18 41  288   10 55   4 284   4 -4.1  7  19 04  23  18 51  F
                    1 Sat  Apr  30  18 42  288   34 56  16 280   9 -5.6 20  20 09  87  19 21  A
 2033 May  28 16 36   Sat 
                    0 Sat  May  28  19 00  296    2 24  -2 292   4 -3.8  4  18 53  -8  18 57  F
                    1 Sun  May  29  19 01  296   26 25   9 286  10 -5.0 15  19 52  51  19 24  A
 2033 June 27 02 07   Mon 
                    0 Mon  June 27  19 12  298   17 05   2 289   9 -4.5 10  19 27  15  19 18  F
                    1 Tues June 28  19 12  298   41 05  11 281  17 -5.7 22  20 13  61  19 39  A
 2033 July 26 13 12   Tues
                    0 Tues July 26  19 03  293    5 51  -3 288   5 -3.9  5  18 51 -12  18 58  F
                    1 Wed  July 27  19 02  293   29 50   5 279  14 -5.0 15  19 30  28  19 15  D
                    2 Thur July 28  19 02  293   53 50  13 271  22 -6.2 26  20 06  65  19 30  A
 2033 Aug  25 02 40   Thur
                    0 Thur Aug  25  18 35  283   15 55   0 275   8 -4.2  8  18 41   6  18 37  F
                    1 Fri  Aug  26  18 34  282   39 54   8 266  16 -5.4 19  19 14  41  18 52  B
 2033 Sept 23 18 40   Fri 
                    1 Sat  Sept 24  17 57  270   23 17   4 261   9 -4.5 11  18 21  25  18 08  F
                    2 Sun  Sept 25  17 55  269   47 15  11 252  17 -5.7 21  18 55  60  18 22  A
 2033 Oct  23 12 28   Sun 
                    0 Sun  Oct  23  17 22  257    4 54   1 256   1 -3.6  3  17 31   9  17 26  F
                    1 Mon  Oct  24  17 21  256   28 53   8 248   9 -4.9 13  18 08  47  17 42  B
 2033 Nov  22 06 39   Tues
                    0 Tues Nov  22  17 01  247   10 22   5 246   1 -4.1  6  17 29  28  17 13  F
                    1 Wed  Nov  23  17 00  246   34 21  13 238   8 -5.2 17  18 15  75  17 34  A
 2033 Dec  21 23 46   Wed 
                    1 Thur Dec  22  17 04  243   17 18   8 242   1 -4.5 10  17 52  48  17 25  C
                    2 Fri  Dec  23  17 05  243   41 19  18 235   7 -5.7 21  18 48 104  17 51  A
 2034 Jan  20 15 01   Fri 
                    0 Fri  Jan  20  17 26  247    2 25   1 251  -4 -3.8  5  17 36   9  17 30  F
                    1 Sat  Jan  21  17 27  247   26 26  13 246   1 -5.0 14  18 37  70  17 58  A
 2034 Feb  19 04 10   Sun 
                    0 Sun  Feb  19  17 53  257   13 43   6 258  -1 -4.2  8  18 27  34  18 08  E
                    1 Mon  Feb  20  17 53  258   37 43  19 255   3 -5.7 21  19 32  99  18 37  A
 2034 Mar  20 15 14   Mon 
                    0 Mon  Mar  20  18 14  271    3 00   0 270   0 -3.5  2  18 18   4  18 16  F
                    1 Tues Mar  21  18 15  271   27 01  14 267   4 -5.1 16  19 25  71  18 46  A
 2034 Apr  19 00 26   Wed 
                    0 Wed  Apr  19  18 34  284   18 08   8 278   5 -4.6 11  19 18  44  18 54  B
                    1 Thur Apr  20  18 35  284   42 09  22 274  10 -6.1 25  20 27 112  19 25  A
 2034 May  18 08 12   Thur
                    0 Thur May  18  18 54  294   10 42   2 287   7 -4.2  8  19 11  17  19 01  F
                    1 Fri  May  19  18 55  294   34 43  15 282  13 -5.7 21  20 17  82  19 31  A
 2034 June 16 15 26   Fri 
                    0 Fri  June 16  19 09  298    3 43  -3 293   5 -3.9  5  18 59 -10  19 05  F
                    1 Sat  June 17  19 10  298   27 44   9 285  13 -5.2 17  19 58  48  19 31  A
 2034 July 15 23 15   Sat 
                    1 Sun  July 16  19 08  296   19 53   3 285  10 -4.7 12  19 29  20  19 17  F
                    2 Mon  July 17  19 08  296   43 53  13 276  19 -5.9 24  20 14  66  19 37  A
 2034 Aug  14 08 53   Mon 
                    0 Mon  Aug  14  18 47  287    9 54   0 282   6 -4.0  6  18 49   2  18 48  F
                    1 Tues Aug  15  18 46  287   33 53   8 272  15 -5.3 17  19 28  42  19 05  B
 2034 Sept 12 21 14   Tues
                    1 Wed  Sept 13  18 11  275   20 57   5 267   8 -4.5 10  18 37  26  18 23  F
                    2 Thur Sept 14  18 10  274   44 56  12 257  17 -5.7 22  19 12  62  18 38  A
 2034 Oct  12 12 33   Thur
                    0 Thur Oct  12  17 34  262    5 01   2 261   0 -3.7  3  17 46  12  17 40  F
                    1 Fri  Oct  13  17 33  261   29 00   9 252   9 -4.9 14  18 21  48  17 55  B
 2034 Nov  11 06 16   Sat 
                    0 Sat  Nov  11  17 06  250   10 50   5 249   1 -4.1  7  17 35  29  17 19  F
                    1 Sun  Nov  12  17 05  250   34 49  12 241   9 -5.2 16  18 15  70  17 36  A
 2034 Dec  11 01 14   Mon 
                    0 Mon  Dec  11  17 00  243   15 46   7 243   1 -4.3  9  17 41  41  17 18  D
                    1 Tues Dec  12  17 00  243   39 46  15 235   8 -5.4 19  18 29  89  17 40  A
 2035 Jan   9 20 03   Tues
                    1 Wed  Jan  10  17 17  245   21 14   9 244   1 -4.5 11  18 08  51  17 40  B
                    2 Thur Jan  11  17 18  245   45 15  19 238   7 -5.7 22  19 03 105  18 05  A
 2035 Feb   8 13 22   Thur
                    0 Thur Feb   8  17 43  253    4 21   1 254  -1 -3.6  3  17 51   8  17 47  F
                    1 Fri  Feb   9  17 44  253   28 22  12 251   3 -4.9 14  18 49  65  18 13  A
 2035 Mar  10 04 09   Sat 
                    0 Sat  Mar  10  18 07  266   13 58   5 264   2 -4.2  7  18 37  30  18 20  F
                    1 Sun  Mar  11  18 08  266   37 59  18 261   6 -5.6 20  19 39  91  18 48  A
 2035 Apr   8 15 58   Sun 
                    0 Sun  Apr   8  18 26  279    2 28  -1 276   3 -3.7  3  18 26  -1  18 26  F
                    1 Mon  Apr   9  18 27  279   26 29  12 273   7 -5.1 15  19 31  64  18 56  A
 2035 May   8 01 04   Tues
                    0 Tues May   8  18 47  291   17 43   7 283   8 -4.6 11  19 25  38  19 04  C
                    1 Wed  May   9  18 48  291   41 44  20 278  13 -6.1 25  20 32 104  19 34  A
 2035 June  6 08 21   Wed 
                    0 Wed  June  6  19 05  297   10 44   1 290   7 -4.3  8  19 17  12  19 10  F
                    1 Thur June  7  19 06  298   34 45  14 283  14 -5.7 21  20 21  75  19 39  A
 2035 July  5 14 59   Thur
                    0 Thur July  5  19 11  298    4 12  -3 293   5 -3.8  5  19 02  -9  19 07  F
                    1 Fri  July  6  19 11  297   28 12   9 284  13 -5.2 17  19 59  48  19 33  A
 2035 Aug   3 22 12   Fri 
                    1 Sat  Aug   4  18 57  291   20 45   5 281  10 -4.7 12  19 26  29  19 10  E
                    2 Sun  Aug   5  18 56  291   44 44  14 271  20 -6.1 25  20 10  74  19 29  A
 2035 Sept  2 06 59   Sun 
                    0 Sun  Sept  2  18 26  280   11 27   3 275   4 -4.0  6  18 43  17  18 33  F
                    1 Mon  Sept  3  18 24  279   35 25  11 265  14 -5.5 19  19 22  57  18 50  A
 2035 Oct   1 18 07   Mon 
                    1 Tues Oct   2  17 47  266   23 40   8 258   8 -4.8 13  18 31  44  18 07  B
 2035 Oct  31 07 59   Wed 
                    0 Wed  Oct  31  17 15  254    9 16   5 253   1 -4.1  7  17 42  28  17 27  F
                    1 Thur Nov   1  17 14  253   33 15  12 244   9 -5.2 17  18 21  67  17 44  A
 2035 Nov  30 00 37   Fri 
                    0 Fri  Nov  30  16 59  245   16 22   7 243   2 -4.4  9  17 41  42  17 18  D
                    1 Sat  Dec   1  16 59  245   40 22  15 235   9 -5.5 19  18 26  87  17 37  A
 2035 Dec  29 19 31   Sat 
                    1 Sun  Dec  30  17 08  243   21 37   8 241   2 -4.5 10  17 58  49  17 30  B
                    2 Mon  Dec  31  17 09  243   45 38  17 235   9 -5.6 21  18 48  99  17 53  A
 2036 Jan  28 15 17   Mon 
                    0 Mon  Jan  28  17 33  249    2 16   0 250  -1 -3.5  2  17 36   3  17 34  F
                    1 Tues Jan  29  17 34  249   26 17  10 246   3 -4.7 12  18 29  55  17 58  B
