 year  h   cd conj  f wk   mon  day  set   Saz    age  Alt Maz  dz  Mag El  mset  lag   best  cat
 2025 Jan  29 17 36   Wed 
                    1 Thur Jan  30  17 35  249   23 59   9 242   7 -4.9 13  18 32  57  18 00  A
 2025 Feb  28 05 45   Fri 
                    0 Fri  Feb  28  18 02  261   12 17   5 259   2 -4.1  7  18 31  29  18 15  F
                    1 Sat  Mar   1  18 03  262   36 18  19 258   4 -5.6 21  19 42  99  18 47  A
 2025 Mar  29 15 58   Sat 
                    0 Sat  Mar  29  18 26  275    2 28   0 276  -1 -3.5  2  18 29   3  18 27  F
                    1 Sun  Mar  30  18 27  275   26 29  14 275   1 -5.1 16  19 43  77  19 01  A
 2025 Apr  28 00 31   Mon 
                    0 Mon  Apr  28  18 49  288   18 18  10 289  -1 -4.7 12  19 48  59  19 15  A
 2025 May  27 08 02   Tues
                    0 Tues May  27  19 11  297   11 09   6 298  -1 -4.3  8  19 53  42  19 30  E
                    1 Wed  May  28  19 12  297   35 10  19 292   5 -5.7 21  21 03 111  20 01  A
 2025 June 25 15 32   Wed 
                    0 Wed  June 25  19 23  299    3 51   3 302  -2 -3.9  5  19 46  23  19 33  F
                    1 Thur June 26  19 23  299   27 51  13 292   7 -5.2 16  20 40  77  19 58  A
 2025 July 25 00 11   Fri 
                    0 Fri  July 25  19 14  294   19 03   7 289   6 -4.5 11  19 56  42  19 33  C
                    1 Sat  July 26  19 14  294   43 03  14 278  16 -5.8 23  20 28  75  19 47  A
 2025 Aug  23 11 07   Sat 
                    0 Sat  Aug  23  18 45  284    7 38   1 282   2 -3.8  4  18 56  11  18 50  F
                    1 Sun  Aug  24  18 44  284   31 37   7 271  13 -5.1 16  19 22  38  19 01  B
 2025 Sept 22 00 54   Mon 
                    0 Mon  Sept 22  18 04  271   17 10   1 263   8 -4.3  8  18 13   9  18 08  F
                    1 Tues Sept 23  18 03  270   41 09   6 252  18 -5.5 19  18 38  35  18 18  B
 2025 Oct  21 17 25   Tues
                    0 Tues Oct  21  17 26  257    0 01  -5 255   2 -3.7  3  17 07 -19  17 17  F
                    1 Wed  Oct  22  17 25  257   24 00   1 246  11 -4.7 12  17 35  10  17 29  F
                    2 Thur Oct  23  17 23  256   47 58   7 236  21 -5.8 22  18 06  43  17 42  A
 2025 Nov  20 11 47   Thur
                    0 Thur Nov  20  17 00  246    5 13  -4 241   5 -3.9  5  16 43 -17  16 53  F
                    1 Fri  Nov  21  17 00  246   29 13   3 233  13 -4.9 14  17 24  24  17 11  F
                    2 Sat  Nov  22  16 59  246   53 12  10 224  22 -6.0 25  18 12  72  17 31  A
 2025 Dec  20 06 43   Sat 
                    0 Sat  Dec  20  17 01  242   10 18  -1 235   7 -4.1  7  17 00   0  17 00  F
                    1 Sun  Dec  21  17 01  242   34 18   8 229  13 -5.2 16  17 58  57  17 26  A
 2026 Jan  19 00 52   Mon 
                    0 Mon  Jan  19  17 24  246   16 32   4 240   6 -4.3  8  17 53  29  17 37  F
                    1 Tues Jan  20  17 25  246   40 33  15 236  10 -5.5 20  18 57  92  18 06  A
 2026 Feb  17 17 01   Tues
                    0 Tues Feb  17  17 52  256    0 51  -2 255   1 -3.4  1  17 48  -4  17 51  F
                    1 Wed  Feb  18  17 53  257   24 52  11 254   3 -4.8 13  18 53  59  18 20  A
 2026 Mar  19 06 23   Thur
                    0 Thur Mar  19  18 18  270   11 55   5 271  -1 -4.1  7  18 47  30  18 31  F
                    1 Fri  Mar  20  18 19  271   35 56  18 270   0 -5.6 20  19 56  97  19 02  A
 2026 Apr  17 16 52   Fri 
                    0 Fri  Apr  17  18 40  283    1 48   0 287  -4 -3.8  4  18 46   5  18 43  F
                    1 Sat  Apr  18  18 41  284   25 49  14 285  -1 -5.1 16  20 00  79  19 16  A
 2026 May  17 01 01   Sun 
                    0 Sun  May  17  19 04  294   18 03  10 295   0 -4.7 12  20 07  63  19 32  A
 2026 June 15 07 54   Mon 
                    0 Mon  June 15  19 21  299   11 27   6 299   0 -4.3  8  20 03  42  19 40  E
                    1 Tues June 16  19 21  299   35 27  17 290  10 -5.7 21  21 02 101  20 06  A
 2026 July 14 14 44   Tues
                    0 Tues July 14  19 20  297    4 36   2 297   0 -3.8  4  19 38  17  19 28  F
                    1 Wed  July 15  19 20  297   28 36  11 286  11 -5.2 17  20 21  61  19 47  A
 2026 Aug  12 22 37   Wed 
                    1 Thur Aug  13  18 57  288   20 20   5 279   9 -4.6 11  19 24  27  19 09  F
                    2 Fri  Aug  14  18 56  288   44 19  11 267  21 -6.0 24  19 54  57  19 22  A
 2026 Sept 11 08 27   Fri 
                    0 Fri  Sept 11  18 20  276    9 53  -1 270   6 -4.0  6  18 20   0  18 20  F
                    1 Sat  Sept 12  18 19  275   33 52   5 259  17 -5.4 18  18 47  28  18 31  C
                    2 Sun  Sept 13  18 17  275   57 50  10 247  28 -6.5 30  19 15  57  18 43  A
 2026 Oct  10 20 50   Sat 
                    1 Sun  Oct  11  17 38  262   20 48   0 251  11 -4.6 11  17 43   5  17 41  F
                    2 Mon  Oct  12  17 37  261   44 47   6 240  21 -5.8 23  18 15  38  17 54  A
 2026 Nov   9 12 02   Mon 
                    0 Mon  Nov   9  17 07  250    5 05  -4 245   5 -3.9  6  16 49 -19  16 59  F
                    1 Tues Nov  10  17 07  250   29 05   3 236  14 -5.0 15  17 27  21  17 16  F
                    2 Wed  Nov  11  17 06  249   53 04   9 227  23 -6.1 25  18 12  66  17 35  A
 2026 Dec   9 05 52   Wed 
                    0 Wed  Dec   9  16 57  243   11 05  -1 236   7 -4.1  7  16 56  -1  16 57  F
                    1 Thur Dec  10  16 57  242   35 05   7 229  14 -5.2 16  17 49  52  17 20  B
 2027 Jan   8 01 24   Fri 
                    0 Fri  Jan   8  17 13  243   15 49   3 238   5 -4.2  7  17 38  24  17 24  F
                    1 Sat  Jan   9  17 14  244   39 50  13 234  10 -5.4 18  18 37  82  17 51  A
 2027 Feb   6 20 56   Sat 
                    1 Sun  Feb   7  17 43  252   20 47   8 250   2 -4.4 10  18 27  44  18 02  C
                    2 Mon  Feb   8  17 44  252   44 48  19 248   5 -5.6 21  19 25 101  18 29  A
 2027 Mar   8 14 29   Mon 
                    0 Mon  Mar   8  18 09  265    3 40   0 267  -2 -3.7  3  18 15   7  18 12  F
                    1 Tues Mar   9  18 10  265   27 41  12 266  -1 -4.9 14  19 15  65  18 39  A
 2027 Apr   7 04 51   Wed 
                    0 Wed  Apr   7  18 32  279   13 41   6 282  -3 -4.3  8  19 09  36  18 48  E
                    1 Thur Apr   8  18 33  279   37 42  19 280  -1 -5.6 20  20 15 102  19 19  A
 2027 May   6 15 59   Thur
                    0 Thur May   6  18 55  291    2 56   1 295  -4 -3.9  5  19 08  12  19 01  F
                    1 Fri  May   7  18 56  291   26 57  14 291   0 -5.1 16  20 19  83  19 33  A
 2027 June  5 00 40   Sat 
                    0 Sat  June  5  19 16  298   18 36   9 296   2 -4.6 11  20 15  59  19 42  B
                    1 Sun  June  6  19 17  298   42 37  20 287  11 -6.0 25  21 14 118  20 09  A
 2027 July  4 08 02   Sun 
                    0 Sun  July  4  19 23  299   11 21   4 296   3 -4.1  7  19 53  30  19 36  F
                    1 Mon  July  5  19 23  299   35 21  14 284  14 -5.7 21  20 39  76  19 57  A
 2027 Aug   2 15 05   Mon 
                    0 Mon  Aug   2  19 08  292    4 03   0 290   2 -3.6  2  19 10   2  19 09  F
                    1 Tues Aug   3  19 07  292   28 02   7 278  14 -5.2 17  19 47  40  19 25  B
 2027 Aug  31 22 41   Tues
                    1 Wed  Sept  1  18 34  281   19 53   2 269  11 -4.7 12  18 46  12  18 40  F
                    2 Thur Sept  2  18 33  280   43 52   8 256  24 -6.1 26  19 17  45  18 53  A
 2027 Sept 30 07 36   Thur
                    0 Thur Sept 30  17 54  267   10 18  -3 260   7 -4.2  7  17 45  -9  17 50  F
                    1 Fri  Oct   1  17 52  267   34 16   4 248  19 -5.5 20  18 18  26  18 04  C
                    2 Sat  Oct   2  17 51  266   58 15  10 236  30 -6.7 32  18 54  63  18 19  A
 2027 Oct  29 18 37   Fri 
                    1 Sat  Oct  30  17 16  254   22 39   1 241  13 -4.8 13  17 28  11  17 21  F
                    2 Sun  Oct  31  17 15  253   46 38   8 231  23 -6.0 25  18 12  56  17 41  A
 2027 Nov  28 08 24   Sun 
                    0 Sun  Nov  28  16 58  245    8 34  -2 239   6 -4.0  6  16 52  -6  16 55  F
                    1 Mon  Nov  29  16 58  244   32 34   7 230  14 -5.2 16  17 45  47  17 18  B
 2027 Dec  28 01 12   Tues
                    0 Tues Dec  28  17 05  242   15 53   3 236   6 -4.2  8  17 30  25  17 16  F
                    1 Wed  Dec  29  17 06  242   39 54  13 231  11 -5.4 18  18 29  84  17 43  A
 2028 Jan  26 20 12   Wed 
                    1 Thur Jan  27  17 31  248   21 19   8 246   2 -4.4 10  18 17  46  17 52  C
                    2 Fri  Jan  28  17 32  248   45 20  18 243   5 -5.6 21  19 14 101  18 17  A
 2028 Feb  25 15 37   Fri 
                    0 Fri  Feb  25  17 59  259    2 22   0 262  -3 -3.7  3  18 03   4  18 01  F
                    1 Sat  Feb  26  18 00  260   26 23  11 261  -1 -4.8 13  18 58  58  18 26  A
 2028 Mar  26 09 31   Sun 
                    0 Sun  Mar  26  18 24  274    8 53   3 278  -4 -4.0  6  18 44  21  18 33  F
                    1 Mon  Mar  27  18 24  274   32 53  14 276  -2 -5.2 16  19 42  78  18 59  A
 2028 Apr  25 00 47   Tues
                    0 Tues Apr  25  18 47  287   18 00   8 289  -2 -4.5 10  19 35  48  19 08  C
                    1 Wed  Apr  26  18 48  287   42 01  19 286   2 -5.7 21  20 38 110  19 37  A
 2028 May  24 13 16   Wed 
                    0 Wed  May  24  19 09  296    5 53   3 298  -2 -3.9  5  19 29  20  19 18  F
                    1 Thur May  25  19 10  296   29 54  13 292   5 -5.1 16  20 30  80  19 45  A
 2028 June 22 23 27   Thur
                    1 Fri  June 23  19 23  299   19 56   7 293   6 -4.6 11  20 08  45  19 43  C
                    2 Sat  June 24  19 23  299   43 56  16 283  16 -6.0 24  20 53  90  20 03  A
 2028 July 22 08 02   Sat 
                    0 Sat  July 22  19 16  295   11 14   1 289   6 -4.1  7  19 28  12  19 21  F
                    1 Sun  July 23  19 15  295   35 13   9 278  17 -5.6 20  20 06  50  19 38  A
 2028 Aug  20 15 44   Sun 
                    0 Sun  Aug  20  18 48  285    3 04  -3 282   3 -3.7  4  18 36 -13  18 43  F
                    1 Mon  Aug  21  18 47  285   27 03   4 269  16 -5.2 17  19 10  22  18 57  D
                    2 Tues Aug  22  18 46  285   51 02  11 256  28 -6.6 31  19 43  57  19 11  A
 2028 Sept 18 23 24   Mon 
                    1 Tues Sept 19  18 08  272   18 44   0 260  12 -4.7 12  18 12   4  18 10  F
                    2 Wed  Sept 20  18 07  271   42 43   7 247  24 -6.1 26  18 48  42  18 25  A
 2028 Oct  18 07 57   Wed 
                    0 Wed  Oct  18  17 29  259    9 32  -3 251   7 -4.2  7  17 19 -10  17 24  F
                    1 Thur Oct  19  17 28  258   33 31   5 239  19 -5.6 20  18 02  34  17 43  B
 2028 Nov  16 18 18   Thur
                    1 Fri  Nov  17  17 02  247   22 44   4 236  12 -4.8 13  17 30  28  17 14  F
                    2 Sat  Nov  18  17 01  247   46 43  13 226  21 -6.1 26  18 28  87  17 40  A
 2028 Dec  16 07 06   Sat 
                    0 Sat  Dec  16  16 59  242    9 53   1 238   4 -3.9  5  17 12  13  17 05  F
                    1 Sun  Dec  17  16 59  242   33 53  12 231  11 -5.3 18  18 16  76  17 33  A
 2029 Jan  14 22 24   Sun 
                    1 Mon  Jan  15  17 20  245   18 56   7 243   2 -4.4  9  18 06  45  17 41  C
                    2 Tues Jan  16  17 21  245   42 57  18 239   7 -5.7 21  19 06 105  18 08  A
 2029 Feb  13 15 31   Tues
                    0 Tues Feb  13  17 49  255    2 18   0 258  -3 -3.7  4  17 54   5  17 51  F
                    1 Wed  Feb  14  17 50  255   26 19  11 256  -1 -4.8 13  18 51  61  18 17  A
 2029 Mar  15 09 19   Thur
                    0 Thur Mar  15  18 15  268    8 56   3 272  -4 -4.1  6  18 35  20  18 24  F
                    1 Fri  Mar  16  18 16  269   32 57  14 271  -2 -5.1 16  19 30  74  18 49  A
 2029 Apr  14 02 40   Sat 
                    0 Sat  Apr  14  18 38  282   15 58   6 285  -3 -4.3  9  19 16  38  18 55  E
                    1 Sun  Apr  15  18 39  283   39 59  17 282   0 -5.4 19  20 13  94  19 21  A
 2029 May  13 18 42   Sun 
                    0 Sun  May  13  19 01  293    0 19   0 296  -3 -3.7  3  19 04   3  19 02  F
                    1 Mon  May  14  19 02  294   24 20  10 292   2 -4.7 12  20 00  59  19 28  B
 2029 June 12 08 50   Tues
                    0 Tues June 12  19 20  299   10 30   3 297   2 -3.9  5  19 41  21  19 29  F
                    1 Wed  June 13  19 20  299   34 30  12 289  10 -5.2 17  20 28  68  19 51  A
 2029 July 11 20 51   Wed 
                    1 Thur July 12  19 21  297   22 30   4 287  10 -4.7 12  19 49  28  19 33  F
                    2 Fri  July 13  19 21  297   46 30  12 277  20 -6.0 25  20 26  65  19 50  A
 2029 Aug  10 06 56   Fri 
                    0 Fri  Aug  10  19 00  289   12 04  -1 282   8 -4.2  8  18 58  -2  18 59  F
                    1 Sat  Aug  11  18 59  289   36 03   6 270  19 -5.6 21  19 32  33  19 14  B
 2029 Sept  8 15 44   Sat 
                    0 Sat  Sept  8  18 24  277    2 40  -5 273   4 -3.9  5  18 03 -21  18 14  F
                    1 Sun  Sept  9  18 22  277   26 38   2 261  16 -5.2 16  18 37  15  18 29  F
                    2 Mon  Sept 10  18 21  276   50 37   9 248  28 -6.5 30  19 14  53  18 45  A
 2029 Oct   8 00 14   Mon 
                    0 Mon  Oct   8  17 42  263   17 28   0 252  11 -4.6 11  17 46   4  17 44  F
                    1 Tues Oct   9  17 41  263   41 27   8 240  23 -6.0 25  18 31  50  18 03  A
 2029 Nov   6 09 24   Tues
                    0 Tues Nov   6  17 10  251    7 46  -2 245   6 -4.0  6  17 05  -4  17 08  F
                    1 Wed  Nov   7  17 09  251   31 45   8 234  16 -5.4 19  18 00  52  17 32  A
 2029 Dec   5 19 52   Wed 
                    1 Thur Dec   6  16 57  243   21 05   7 235   8 -4.7 12  17 44  47  17 18  C
                    2 Fri  Dec   7  16 57  243   45 05  18 226  17 -6.1 26  18 52 115  17 48  A
 2030 Jan   4 07 49   Fri 
                    0 Fri  Jan   4  17 10  243    9 21   4 242   1 -4.0  6  17 36  26  17 22  F
                    1 Sat  Jan   5  17 11  243   33 22  16 236   7 -5.4 19  18 44  93  17 52  A
 2030 Feb   2 21 07   Sat 
                    1 Sun  Feb   3  17 39  251   20 32  10 251  -1 -4.7 12  18 34  55  18 03  B
                    2 Mon  Feb   4  17 40  251   44 33  22 248   3 -5.9 23  19 36 116  18 31  A
 2030 Mar   4 11 35   Mon 
                    0 Mon  Mar   4  18 06  263    6 31   2 267  -4 -4.0  6  18 22  16  18 13  F
                    1 Tues Mar   5  18 07  263   30 32  14 265  -2 -5.1 16  19 20  74  18 39  A
 2030 Apr   3 03 02   Wed 
                    0 Wed  Apr   3  18 29  277   15 27   6 280  -3 -4.3  8  19 06  36  18 46  E
                    1 Thur Apr   4  18 30  278   39 28  17 277   0 -5.4 19  20 02  92  19 11  A
 2030 May   2 19 12   Thur
                    1 Fri  May   3  18 53  290   23 41   9 288   2 -4.6 11  19 46  54  19 17  B
 2030 June  1 11 21   Sat 
                    0 Sat  June  1  19 14  298    7 53   1 296   2 -3.7  4  19 27  13  19 20  F
                    1 Sun  June  2  19 15  298   31 54  10 290   8 -5.0 14  20 15  60  19 41  A
 2030 July  1 02 34   Mon 
                    0 Mon  July  1  19 23  299   16 49   2 292   7 -4.3  8  19 40  16  19 31  F
                    1 Tues July  2  19 23  299   40 49  10 283  16 -5.5 19  20 18  54  19 47  A
 2030 July 30 16 11   Tues
                    0 Tues July 30  19 11  293    3 00  -4 289   4 -3.8  4  18 54 -17  19 03  F
                    1 Wed  July 31  19 10  293   26 59   3 279  13 -4.9 14  19 27  18  19 18  F
                    2 Thur Aug   1  19 09  292   50 58   9 269  23 -6.1 26  20 00  51  19 32  A
 2030 Aug  29 04 07   Thur
                    0 Thur Aug  29  18 38  282   14 31  -2 273   9 -4.4  9  18 33  -5  18 35  F
                    1 Fri  Aug  30  18 36  281   38 29   5 262  20 -5.6 21  19 06  29  18 49  B
 2030 Sept 27 14 55   Fri 
                    0 Fri  Sept 27  17 57  268    3 02  -5 265   4 -3.9  5  17 38 -20  17 49  F
                    1 Sat  Sept 28  17 56  268   27 01   3 253  15 -5.1 15  18 15  19  18 04  F
                    2 Sun  Sept 29  17 55  267   51 00  10 242  26 -6.4 28  18 56  62  18 22  A
 2030 Oct  27 01 17   Sun 
                    0 Sun  Oct  27  17 19  255   16 02   2 246   9 -4.4  9  17 33  14  17 25  F
                    1 Mon  Oct  28  17 18  255   40 01  11 235  20 -5.9 23  18 25  66  17 48  A
 2030 Nov  25 11 46   Mon 
                    0 Mon  Nov  25  16 58  245    5 12   0 243   2 -3.6  3  17 04   5  17 01  F
                    1 Tues Nov  26  16 58  245   29 12  11 233  12 -5.3 17  18 07  69  17 29  A
 2030 Dec  24 22 32   Tues
                    1 Wed  Dec  25  17 03  242   18 31   9 238   4 -4.6 11  17 59  56  17 28  B
                    2 Thur Dec  26  17 04  242   42 32  21 230  12 -6.1 25  19 11 127  18 00  A
 2031 Jan  23 09 31   Thur
                    0 Thur Jan  23  17 28  247    7 57   4 249  -2 -4.1  6  17 55  27  17 40  F
                    1 Fri  Jan  24  17 29  247   31 58  17 245   2 -5.5 19  19 04  96  18 11  A
 2031 Feb  21 20 49   Fri 
                    1 Sat  Feb  22  17 57  258   21 08  11 260  -2 -4.8 13  18 55  58  18 23  A
 2031 Mar  23 08 49   Sun 
                    0 Sun  Mar  23  18 21  272    9 32   4 275  -3 -4.1  6  18 45  24  18 31  F
                    1 Mon  Mar  24  18 22  272   33 33  16 272   0 -5.3 18  19 46  85  18 59  A
 2031 Apr  21 21 57   Mon 
                    1 Tues Apr  22  18 44  285   20 47   8 284   1 -4.5 10  19 33  48  19 06  B
                    2 Wed  Apr  23  18 45  286   44 48  19 280   6 -5.7 22  20 30 105  19 31  A
 2031 May  21 12 17   Wed 
                    0 Wed  May  21  19 07  295    6 50   1 294   2 -3.7  3  19 16  10  19 11  F
                    1 Thur May  22  19 07  296   30 50  10 288   8 -5.0 14  20 08  61  19 34  A
 2031 June 20 03 25   Fri 
                    0 Fri  June 20  19 22  299   15 57   2 292   7 -4.2  8  19 37  15  19 29  F
                    1 Sat  June 21  19 23  299   39 58  10 285  15 -5.4 19  20 18  56  19 47  A
 2031 July 19 18 40   Sat 
                    0 Sat  July 19  19 18  296    0 38  -5 293   3 -3.8  4  18 57 -22  19 09  F
                    1 Sun  July 20  19 18  296   24 38   2 284  12 -4.7 12  19 32  14  19 24  F
                    2 Mon  July 21  19 17  296   48 37   9 275  20 -5.8 23  20 05  48  19 38  A
 2031 Aug  18 09 32   Mon 
                    0 Mon  Aug  18  18 52  286    9 20  -3 280   6 -4.1  7  18 39 -13  18 46  F
                    1 Tues Aug  19  18 51  286   33 19   3 270  16 -5.2 16  19 10  20  18 59  F
                    2 Wed  Aug  20  18 49  286   57 17  10 261  25 -6.3 27  19 41  52  19 12  A
 2031 Sept 16 23 47   Tues
                    1 Wed  Sept 17  18 12  273   18 25   0 264  10 -4.4 10  18 15   4  18 13  F
                    2 Thur Sept 18  18 10  273   42 23   7 253  19 -5.7 21  18 49  39  18 28  A
 2031 Oct  16 13 21   Thur
                    0 Thur Oct  16  17 32  260    4 11  -2 257   3 -3.6  3  17 24  -8  17 29  F
                    1 Fri  Oct  17  17 31  259   28 10   5 247  13 -5.0 15  18 05  34  17 46  C
                    2 Sat  Oct  18  17 30  259   52 09  13 236  23 -6.3 27  18 50  80  18 06  A
 2031 Nov  15 02 10   Sat 
                    0 Sat  Nov  15  17 03  248   14 53   4 242   6 -4.3  8  17 31  28  17 16  F
                    1 Sun  Nov  16  17 03  248   38 53  14 232  15 -5.7 22  18 28  85  17 40  A
 2031 Dec  14 14 06   Sun 
                    0 Sun  Dec  14  16 58  242    2 52   1 243  -1 -3.7  3  17 11  12  17 04  F
                    1 Mon  Dec  15  16 58  242   26 52  13 235   7 -5.1 16  18 17  78  17 33  A
 2032 Jan  13 01 07   Tues
                    0 Tues Jan  13  17 18  244   16 11   9 244   0 -4.6 11  18 12  54  17 42  B
                    1 Wed  Jan  14  17 19  245   40 12  22 238   7 -6.0 24  19 23 124  18 14  A
 2032 Feb  11 11 24   Wed 
                    0 Wed  Feb  11  17 46  253    6 22   3 257  -4 -4.0  6  18 07  21  17 55  F
                    1 Thur Feb  12  17 47  254   30 23  17 253   1 -5.4 19  19 18  91  18 27  A
 2032 Mar  11 21 25   Thur
                    1 Fri  Mar  12  18 13  267   20 48  10 268  -1 -4.7 12  19 10  57  18 38  A
 2032 Apr  10 07 39   Sat 
                    0 Sat  Apr  10  18 35  281   10 56   4 280   0 -4.0  6  19 02  26  18 47  F
                    1 Sun  Apr  11  18 36  281   34 57  17 277   5 -5.4 19  20 06  90  19 16  A
 2032 May   9 18 36   Sun 
                    0 Sun  May   9  18 58  292    0 22  -2 291   1 -3.4  1  18 52  -6  18 55  F
                    1 Mon  May  10  18 59  292   24 23   9 286   7 -4.8 13  19 52  53  19 22  B
 2032 June  8 06 32   Tues
                    0 Tues June  8  19 18  299   12 46   1 292   7 -4.2  7  19 30  12  19 24  F
                    1 Wed  June  9  19 19  299   36 47  11 285  14 -5.4 18  20 18  60  19 45  A
 2032 July  7 19 41   Wed 
                    1 Thur July  8  19 22  298   23 41   2 287  11 -4.7 12  19 39  17  19 30  F
                    2 Fri  July  9  19 22  298   47 41  10 278  20 -5.8 23  20 16  54  19 46  A
 2032 Aug   6 10 11   Fri 
                    0 Fri  Aug   6  19 04  291    8 53  -3 285   6 -4.0  6  18 52 -12  18 58  F
                    1 Sat  Aug   7  19 03  290   32 52   3 276  15 -5.1 16  19 24  21  19 12  F
                    2 Sun  Aug   8  19 02  290   56 51  10 267  23 -6.2 26  19 55  54  19 26  A
 2032 Sept  5 01 57   Sun 
                    0 Sun  Sept  5  18 28  278   16 31   0 270   8 -4.3  8  18 29   2  18 28  F
                    1 Mon  Sept  6  18 26  278   40 29   6 261  17 -5.4 19  19 00  34  18 41  B
 2032 Oct   4 18 26   Mon 
                    1 Tues Oct   5  17 46  264   23 20   4 255   9 -4.6 11  18 08  22  17 56  F
                    2 Wed  Oct   6  17 44  264   47 18  11 245  19 -5.8 22  18 44  60  18 11  A
 2032 Nov   3 10 45   Wed 
                    0 Wed  Nov   3  17 12  252    6 27   1 250   2 -3.7  3  17 22  10  17 16  F
                    1 Thur Nov   4  17 11  252   30 26   9 241  11 -5.0 15  18 06  55  17 35  A
 2032 Dec   3 01 53   Fri 
                    0 Fri  Dec   3  16 57  243   15 04   7 241   3 -4.3  9  17 38  41  17 15  D
                    1 Sat  Dec   4  16 57  243   39 04  16 232  11 -5.7 21  18 36  99  17 41  A
 2033 Jan   1 15 17   Sat 
                    0 Sat  Jan   1  17 08  242    1 51   2 246  -4 -3.9  5  17 22  14  17 14  F
                    1 Sun  Jan   2  17 09  243   25 52  13 239   3 -5.1 15  18 27  78  17 44  A
 2033 Jan  31 03 00   Mon 
                    0 Mon  Jan  31  17 36  250   14 36   8 251  -1 -4.4 10  18 21  45  17 56  C
                    1 Tues Feb   1  17 37  250   38 37  21 246   4 -5.8 23  19 31 114  18 28  A
 2033 Mar   1 13 23   Tues
                    0 Tues Mar   1  18 03  262    4 40   2 264  -3 -3.8  4  18 15  12  18 09  F
                    1 Wed  Mar   2  18 04  262   28 41  15 261   2 -5.3 17  19 26  82  18 41  A
 2033 Mar  30 22 52   Wed 
                    1 Thur Mar  31  18 27  276   19 35   9 273   2 -4.7 12  19 20  53  18 51  B
                    2 Fri  Apr   1  18 28  276   43 36  23 269   7 -6.1 26  20 29 121  19 22  A
 2033 Apr  29 07 46   Fri 
                    0 Fri  Apr  29  18 50  288   11 04   4 284   4 -4.1  7  19 13  23  19 00  F
                    1 Sat  Apr  30  18 51  289   35 05  16 279  10 -5.6 20  20 19  88  19 30  A
 2033 May  28 16 36   Sat 
                    0 Sat  May  28  19 12  297    2 36  -2 293   4 -3.8  4  19 03  -9  19 08  F
                    1 Sun  May  29  19 12  297   26 36   9 286  11 -5.1 15  20 03  50  19 35  B
 2033 June 27 02 07   Mon 
                    0 Mon  June 27  19 23  299   17 16   2 290  10 -4.5 10  19 37  13  19 29  F
                    1 Tues June 28  19 23  299   41 16  11 281  18 -5.7 22  20 22  59  19 50  A
 2033 July 26 13 12   Tues
                    0 Tues July 26  19 13  294    6 01  -3 289   5 -3.9  6  18 59 -14  19 07  F
                    1 Wed  July 27  19 13  294   30 01   4 280  14 -5.1 15  19 38  25  19 24  E
                    2 Thur July 28  19 12  294   54 00  11 271  23 -6.2 26  20 13  61  19 39  A
 2033 Aug  25 02 40   Thur
                    0 Thur Aug  25  18 42  283   16 02   0 276   8 -4.2  8  18 47   4  18 44  F
                    1 Fri  Aug  26  18 41  283   40 01   7 266  17 -5.4 19  19 19  38  18 58  B
 2033 Sept 23 18 40   Fri 
                    1 Sat  Sept 24  18 01  270   23 21   4 261   9 -4.5 11  18 25  24  18 12  F
                    2 Sun  Sept 25  18 00  269   47 20  10 252  18 -5.7 21  18 57  58  18 25  A
 2033 Oct  23 12 28   Sun 
                    0 Sun  Oct  23  17 23  256    4 55   1 256   1 -3.6  3  17 33   9  17 28  F
                    1 Mon  Oct  24  17 22  256   28 54   8 247   9 -4.9 13  18 09  47  17 43  B
 2033 Nov  22 06 39   Tues
                    0 Tues Nov  22  16 59  246   10 20   5 245   1 -4.1  6  17 29  29  17 12  F
                    1 Wed  Nov  23  16 59  246   34 20  12 237   9 -5.2 17  18 14  75  17 32  A
 2033 Dec  21 23 46   Wed 
                    1 Thur Dec  22  17 02  242   17 16   8 241   1 -4.5 10  17 51  49  17 24  C
                    2 Fri  Dec  23  17 02  242   41 16  18 233   9 -5.7 21  18 48 106  17 49  A
 2034 Jan  20 15 01   Fri 
                    0 Fri  Jan  20  17 25  246    2 24   1 250  -4 -3.8  5  17 36  11  17 30  F
                    1 Sat  Jan  21  17 26  246   26 25  13 244   2 -5.0 14  18 38  72  17 58  A
 2034 Feb  19 04 10   Sun 
                    0 Sun  Feb  19  17 54  257   13 44   6 257   0 -4.2  8  18 30  36  18 10  E
                    1 Mon  Feb  20  17 55  257   37 45  19 253   4 -5.7 21  19 37 101  18 40  A
 2034 Mar  20 15 14   Mon 
                    0 Mon  Mar  20  18 19  271    3 05   0 270   0 -3.5  2  18 23   4  18 20  F
                    1 Tues Mar  21  18 19  271   27 05  13 267   4 -5.1 16  19 32  72  18 52  A
 2034 Apr  19 00 26   Wed 
                    0 Wed  Apr  19  18 42  284   18 16   8 278   6 -4.6 11  19 27  45  19 02  B
                    1 Thur Apr  20  18 43  285   42 17  21 274  11 -6.1 25  20 36 114  19 33  A
 2034 May  18 08 12   Thur
                    0 Thur May  18  19 05  295   10 53   2 288   7 -4.2  8  19 21  16  19 12  F
                    1 Fri  May  19  19 05  295   34 53  15 281  13 -5.7 21  20 27  82  19 42  A
 2034 June 16 15 26   Fri 
                    0 Fri  June 16  19 21  299    3 55  -3 294   5 -3.9  5  19 09 -12  19 16  F
                    1 Sat  June 17  19 22  299   27 56   8 286  14 -5.2 17  20 08  47  19 42  B
 2034 July 15 23 15   Sat 
                    1 Sun  July 16  19 20  297   20 05   3 286  11 -4.7 12  19 38  18  19 28  F
                    2 Mon  July 17  19 19  296   44 04  12 276  20 -6.0 24  20 22  63  19 47  A
 2034 Aug  14 08 53   Mon 
                    0 Mon  Aug  14  18 56  288   10 03  -1 282   6 -4.0  6  18 57   1  18 56  F
                    1 Tues Aug  15  18 55  288   34 02   7 272  15 -5.3 17  19 34  40  19 12  B
 2034 Sept 12 21 14   Tues
                    1 Wed  Sept 13  18 17  275   21 03   4 267   8 -4.5 10  18 42  25  18 28  F
                    2 Thur Sept 14  18 16  275   45 02  11 257  18 -5.7 22  19 16  60  18 42  A
 2034 Oct  12 12 33   Thur
                    0 Thur Oct  12  17 37  261    5 04   2 261   1 -3.7  3  17 49  12  17 42  F
                    1 Fri  Oct  13  17 36  261   29 03   8 252   9 -4.9 14  18 23  47  17 57  B
 2034 Nov  11 06 16   Sat 
                    0 Sat  Nov  11  17 06  249   10 50   5 248   1 -4.1  7  17 35  30  17 19  F
                    1 Sun  Nov  12  17 05  249   34 49  12 240   9 -5.2 16  18 15  70  17 36  A
 2034 Dec  11 01 14   Mon 
                    0 Mon  Dec  11  16 58  242   15 44   7 241   1 -4.3  9  17 40  43  17 17  D
                    1 Tues Dec  12  16 58  242   39 44  15 234   9 -5.4 19  18 28  91  17 38  A
 2035 Jan   9 20 03   Tues
                    1 Wed  Jan  10  17 15  244   21 12   9 242   2 -4.5 11  18 08  53  17 39  B
                    2 Thur Jan  11  17 16  244   45 13  18 236   8 -5.7 22  19 03 107  18 04  A
 2035 Feb   8 13 22   Thur
                    0 Thur Feb   8  17 44  252    4 22   1 254  -1 -3.6  3  17 52   9  17 47  F
                    1 Fri  Feb   9  17 45  253   28 23  12 250   3 -4.9 14  18 51  67  18 14  A
 2035 Mar  10 04 09   Sat 
                    0 Sat  Mar  10  18 10  266   14 01   5 263   3 -4.2  7  18 41  31  18 24  F
                    1 Sun  Mar  11  18 11  266   38 02  18 260   6 -5.6 20  19 44  93  18 53  A
 2035 Apr   8 15 58   Sun 
                    0 Sun  Apr   8  18 33  279    2 35  -1 276   3 -3.7  3  18 32  -1  18 33  F
                    1 Mon  Apr   9  18 34  280   26 36  12 273   7 -5.1 15  19 39  65  19 03  A
 2035 May   8 01 04   Tues
                    0 Tues May   8  18 57  292   17 53   6 283   8 -4.7 12  19 34  37  19 13  D
                    1 Wed  May   9  18 57  292   41 53  19 278  14 -6.1 25  20 42 105  19 44  A
 2035 June  6 08 21   Wed 
                    0 Wed  June  6  19 17  298   10 56   1 291   8 -4.3  8  19 27  10  19 21  F
                    1 Thur June  7  19 17  299   34 56  13 283  15 -5.7 21  20 32  74  19 50  A
 2035 July  5 14 59   Thur
                    0 Thur July  5  19 23  299    4 24  -3 294   5 -3.9  5  19 13 -10  19 18  F
                    1 Fri  July  6  19 23  298   28 24   8 285  14 -5.2 17  20 09  46  19 43  B
 2035 Aug   3 22 12   Fri 
                    1 Sat  Aug   4  19 06  292   20 54   5 281  10 -4.7 12  19 34  28  19 19  F
                    2 Sun  Aug   5  19 05  291   44 53  13 271  20 -6.1 25  20 17  71  19 37  A
 2035 Sept  2 06 59   Sun 
                    0 Sun  Sept  2  18 33  280   11 34   2 275   5 -4.1  6  18 49  16  18 40  F
                    1 Mon  Sept  3  18 31  280   35 32  10 265  15 -5.5 19  19 27  56  18 56  A
 2035 Oct   1 18 07   Mon 
                    1 Tues Oct   2  17 51  266   23 44   8 258   8 -4.8 13  18 35  44  18 10  B
 2035 Oct  31 07 59   Wed 
                    0 Wed  Oct  31  17 15  253    9 16   5 252   1 -4.1  7  17 44  28  17 28  F
                    1 Thur Nov   1  17 14  253   33 15  12 243  10 -5.2 17  18 22  67  17 44  A
 2035 Nov  30 00 37   Fri 
                    0 Fri  Nov  30  16 57  244   16 20   7 242   2 -4.4  9  17 40  43  17 16  D
                    1 Sat  Dec   1  16 57  244   40 20  14 234  10 -5.5 19  18 24  87  17 36  A
 2035 Dec  29 19 31   Sat 
                    1 Sun  Dec  30  17 06  242   21 35   8 239   3 -4.5 10  17 57  50  17 29  C
                    2 Mon  Dec  31  17 07  242   45 36  17 233  10 -5.6 21  18 48 101  17 52  A
 2036 Jan  28 15 17   Mon 
                    0 Mon  Jan  28  17 32  248    2 15   0 249  -1 -3.5  2  17 35   3  17 34  F
                    1 Tues Jan  29  17 33  249   26 16  10 245   4 -4.7 12  18 29  56  17 58  B

