 year  h   cd conj  f wk   mon  day  set   Saz    age  Alt Maz  dz  Mag El  mset  lag   best  cat
 2025 Jan  29 17 36   Wed 
                    0 Wed  Jan  29  17 48  250    0 12  -3 246   4 -3.7  4  17 38 -10  17 44  F
                    1 Thur Jan  30  17 49  250   24 13  10 244   6 -4.9 13  18 46  57  18 15  A
 2025 Feb  28 05 45   Fri 
                    0 Fri  Feb  28  18 12  262   12 27   5 260   2 -4.1  7  18 41  29  18 25  F
                    1 Sat  Mar   1  18 13  262   36 28  19 259   3 -5.7 21  19 49  96  18 56  A
 2025 Mar  29 15 58   Sat 
                    0 Sat  Mar  29  18 31  275    2 33   0 276  -1 -3.5  2  18 34   3  18 32  F
                    1 Sun  Mar  30  18 32  275   26 34  14 276  -1 -5.1 16  19 45  73  19 04  A
 2025 Apr  28 00 31   Mon 
                    0 Mon  Apr  28  18 50  287   18 19  10 289  -2 -4.7 12  19 45  55  19 14  B
                    1 Tues Apr  29  18 50  288   42 19  24 287   1 -6.1 25  21 00 130  19 48  A
 2025 May  27 08 02   Tues
                    0 Tues May  27  19 08  296   11 06   6 297  -2 -4.3  8  19 47  39  19 26  E
                    1 Wed  May  28  19 09  296   35 07  19 292   4 -5.7 21  20 56 108  19 57  A
 2025 June 25 15 32   Wed 
                    0 Wed  June 25  19 19  298    3 47   3 301  -3 -3.9  5  19 40  20  19 28  F
                    1 Thur June 26  19 20  298   27 48  13 292   6 -5.2 16  20 35  76  19 53  A
 2025 July 25 00 11   Fri 
                    0 Fri  July 25  19 12  293   19 01   7 288   5 -4.5 11  19 54  42  19 31  C
                    1 Sat  July 26  19 12  293   43 01  15 278  15 -5.8 23  20 29  77  19 46  A
 2025 Aug  23 11 07   Sat 
                    0 Sat  Aug  23  18 47  284    7 40   2 281   2 -3.8  4  18 59  12  18 52  F
                    1 Sun  Aug  24  18 46  283   31 39   8 271  12 -5.1 16  19 27  41  19 04  B
 2025 Sept 22 00 54   Mon 
                    0 Mon  Sept 22  18 11  271   17 17   2 263   8 -4.3  8  18 22  12  18 16  F
                    1 Tues Sept 23  18 10  270   41 16   7 253  17 -5.5 19  18 49  40  18 27  A
 2025 Oct  21 17 25   Tues
                    0 Tues Oct  21  17 37  258    0 12  -4 256   2 -3.7  3  17 20 -17  17 29  F
                    1 Wed  Oct  22  17 36  257   24 11   2 246  11 -4.7 12  17 50  14  17 42  F
                    2 Thur Oct  23  17 35  257   48 10   8 237  20 -5.8 22  18 24  49  17 57  A
 2025 Nov  20 11 47   Thur
                    0 Thur Nov  20  17 16  247    5 29  -3 242   5 -3.9  5  17 02 -14  17 09  F
                    1 Fri  Nov  21  17 15  247   29 28   4 234  13 -5.0 14  17 44  29  17 28  E
                    2 Sat  Nov  22  17 15  247   53 28  12 226  21 -6.0 25  18 32  77  17 49  A
 2025 Dec  20 06 43   Sat 
                    0 Sat  Dec  20  17 18  243   10 35   0 237   7 -4.1  7  17 21   3  17 19  F
                    1 Sun  Dec  21  17 18  243   34 35   9 231  12 -5.2 17  18 18  60  17 45  A
 2026 Jan  19 00 52   Mon 
                    0 Mon  Jan  19  17 39  247   16 47   5 242   5 -4.3  9  18 10  31  17 53  F
                    1 Tues Jan  20  17 40  247   40 48  16 239   9 -5.5 20  19 11  91  18 21  A
 2026 Feb  17 17 01   Tues
                    0 Tues Feb  17  18 04  257    1 03  -1 256   1 -3.4  1  18 01  -3  18 03  F
                    1 Wed  Feb  18  18 05  257   25 04  11 255   2 -4.8 13  19 02  58  18 30  A
 2026 Mar  19 06 23   Thur
                    0 Thur Mar  19  18 25  270   12 02   5 272  -2 -4.1  7  18 53  28  18 37  F
                    1 Fri  Mar  20  18 25  270   36 02  18 272  -1 -5.6 20  19 58  93  19 07  A
 2026 Apr  17 16 52   Fri 
                    0 Fri  Apr  17  18 43  283    1 51   0 287  -4 -3.8  4  18 46   4  18 44  F
                    1 Sat  Apr  18  18 43  283   25 51  14 285  -2 -5.1 16  19 58  75  19 16  A
 2026 May  17 01 01   Sun 
                    0 Sun  May  17  19 02  293   18 01  10 294  -1 -4.7 12  20 01  59  19 28  A
 2026 June 15 07 54   Mon 
                    0 Mon  June 15  19 17  298   11 23   6 298   0 -4.3  8  19 57  40  19 35  E
                    1 Tues June 16  19 17  298   35 23  18 290   8 -5.7 21  20 57  99  20 02  A
 2026 July 14 14 44   Tues
                    0 Tues July 14  19 18  296    4 34   2 296   0 -3.8  4  19 34  16  19 25  F
                    1 Wed  July 15  19 17  296   28 33  12 286  10 -5.2 17  20 20  62  19 45  A
 2026 Aug  12 22 37   Wed 
                    1 Thur Aug  13  18 58  287   20 21   5 279   9 -4.6 11  19 27  29  19 11  E
                    2 Fri  Aug  14  18 57  287   44 20  12 267  20 -6.0 24  19 59  62  19 24  A
 2026 Sept 11 08 27   Fri 
                    0 Fri  Sept 11  18 25  276    9 58   0 270   6 -4.0  6  18 27   2  18 26  F
                    1 Sat  Sept 12  18 24  275   33 57   6 259  16 -5.4 18  18 57  33  18 38  B
 2026 Oct  10 20 50   Sat 
                    1 Sun  Oct  11  17 48  262   20 58   1 251  11 -4.6 11  17 57   9  17 52  F
                    2 Mon  Oct  12  17 47  262   44 57   8 241  21 -5.8 23  18 31  44  18 06  A
 2026 Nov   9 12 02   Mon 
                    0 Mon  Nov   9  17 21  251    5 19  -4 246   5 -4.0  6  17 06 -15  17 14  F
                    1 Tues Nov  10  17 21  250   29 19   4 237  14 -5.0 15  17 46  26  17 32  F
                    2 Wed  Nov  11  17 20  250   53 18  11 228  22 -6.1 25  18 32  72  17 52  A
 2026 Dec   9 05 52   Wed 
                    0 Wed  Dec   9  17 14  244   11 22   0 237   7 -4.1  7  17 17   3  17 15  F
                    1 Thur Dec  10  17 14  244   35 22   9 231  13 -5.2 16  18 10  55  17 39  A
 2027 Jan   8 01 24   Fri 
                    0 Fri  Jan   8  17 30  245   16 06   4 239   5 -4.2  8  17 56  26  17 41  F
                    1 Sat  Jan   9  17 31  245   40 07  14 236   9 -5.4 18  18 53  82  18 07  A
 2027 Feb   6 20 56   Sat 
                    1 Sun  Feb   7  17 56  253   21 00   8 251   2 -4.4 10  18 39  43  18 15  C
                    2 Mon  Feb   8  17 57  253   45 01  19 250   3 -5.7 21  19 34  98  18 40  A
 2027 Mar   8 14 29   Mon 
                    0 Mon  Mar   8  18 18  265    3 49   0 267  -2 -3.7  3  18 23   6  18 20  F
                    1 Tues Mar   9  18 18  265   27 49  12 267  -2 -4.9 14  19 20  62  18 46  A
 2027 Apr   7 04 51   Wed 
                    0 Wed  Apr   7  18 36  278   13 45   6 282  -4 -4.3  8  19 10  33  18 51  E
                    1 Thur Apr   8  18 37  279   37 46  18 281  -2 -5.6 20  20 14  97  19 20  A
 2027 May   6 15 59   Thur
                    0 Thur May   6  18 55  290    2 56   1 294  -4 -3.9  5  19 05  10  18 59  F
                    1 Fri  May   7  18 55  290   26 56  14 291  -1 -5.1 16  20 14  78  19 30  A
 2027 June  5 00 40   Sat 
                    0 Sat  June  5  19 13  297   18 33   9 295   1 -4.6 11  20 09  56  19 38  B
                    1 Sun  June  6  19 13  297   42 33  21 288   9 -6.0 25  21 10 116  20 05  A
 2027 July  4 08 02   Sun 
                    0 Sun  July  4  19 20  297   11 18   5 295   3 -4.1  7  19 49  29  19 33  F
                    1 Mon  July  5  19 20  297   35 18  15 284  13 -5.6 21  20 38  78  19 54  A
 2027 Aug   2 15 05   Mon 
                    0 Mon  Aug   2  19 07  291    4 02   0 289   2 -3.6  2  19 10   3  19 09  F
                    1 Tues Aug   3  19 07  291   28 02   8 277  13 -5.2 17  19 50  43  19 26  B
 2027 Aug  31 22 41   Tues
                    1 Wed  Sept  1  18 37  280   19 56   3 269  11 -4.7 12  18 53  16  18 44  F
                    2 Thur Sept  2  18 36  280   43 55  10 257  23 -6.1 26  19 27  51  18 59  A
 2027 Sept 30 07 36   Thur
                    0 Thur Sept 30  18 01  267   10 25  -2 260   7 -4.2  7  17 56  -6  17 59  F
                    1 Fri  Oct   1  18 00  267   34 24   5 248  18 -5.5 20  18 32  31  18 14  B
 2027 Oct  29 18 37   Fri 
                    1 Sat  Oct  30  17 29  254   22 52   2 242  12 -4.8 13  17 45  16  17 36  F
                    2 Sun  Oct  31  17 28  254   46 51  10 232  22 -6.0 25  18 31  63  17 56  A
 2027 Nov  28 08 24   Sun 
                    0 Sun  Nov  28  17 14  246    8 50  -1 240   6 -4.0  6  17 11  -3  17 13  F
                    1 Mon  Nov  29  17 14  245   32 50   8 232  13 -5.2 16  18 05  51  17 36  A
 2027 Dec  28 01 12   Tues
                    0 Tues Dec  28  17 22  243   16 10   4 238   5 -4.2  8  17 48  27  17 34  F
                    1 Wed  Dec  29  17 23  243   40 11  14 234  10 -5.4 19  18 46  84  18 00  A
 2028 Jan  26 20 12   Wed 
                    1 Thur Jan  27  17 46  249   21 34   8 247   2 -4.5 10  18 31  45  18 06  C
                    2 Fri  Jan  28  17 47  249   45 35  19 246   4 -5.6 21  19 25  98  18 30  A
 2028 Feb  25 15 37   Fri 
                    0 Fri  Feb  25  18 10  260    2 33   0 263  -3 -3.7  3  18 13   3  18 11  F
                    1 Sat  Feb  26  18 10  260   26 33  11 262  -2 -4.8 13  19 06  55  18 35  A
 2028 Mar  26 09 31   Sun 
                    0 Sun  Mar  26  18 29  273    8 58   3 278  -4 -4.0  6  18 48  18  18 38  F
                    1 Mon  Mar  27  18 30  274   32 59  14 277  -3 -5.2 16  19 43  73  19 03  A
 2028 Apr  25 00 47   Tues
                    0 Tues Apr  25  18 48  286   18 01   8 289  -3 -4.5 10  19 33  45  19 08  C
                    1 Wed  Apr  26  18 49  287   42 02  19 286   0 -5.7 21  20 34 105  19 36  A
 2028 May  24 13 16   Wed 
                    0 Wed  May  24  19 07  295    5 51   2 297  -2 -3.9  5  19 25  18  19 15  F
                    1 Thur May  25  19 07  295   29 51  14 292   3 -5.1 16  20 25  77  19 42  A
 2028 June 22 23 27   Thur
                    1 Fri  June 23  19 19  298   19 52   8 292   6 -4.6 11  20 04  45  19 39  C
                    2 Sat  June 24  19 19  298   43 52  18 283  15 -6.0 24  20 52  92  20 00  A
 2028 July 22 08 02   Sat 
                    0 Sat  July 22  19 14  294   11 12   2 289   5 -4.1  7  19 27  13  19 20  F
                    1 Sun  July 23  19 13  294   35 11  10 277  16 -5.6 20  20 08  55  19 38  A
 2028 Aug  20 15 44   Sun 
                    0 Sun  Aug  20  18 50  285    3 06  -3 281   3 -3.7  4  18 39 -11  18 45  F
                    1 Mon  Aug  21  18 49  284   27 05   5 269  15 -5.2 17  19 16  27  19 01  C
                    2 Tues Aug  22  18 48  284   51 04  12 257  27 -6.6 31  19 52  64  19 16  A
 2028 Sept 18 23 24   Mon 
                    1 Tues Sept 19  18 14  272   18 50   1 260  12 -4.7 12  18 22   8  18 18  F
                    2 Wed  Sept 20  18 13  271   42 49   9 248  24 -6.1 26  19 01  48  18 34  A
 2028 Oct  18 07 57   Wed 
                    0 Wed  Oct  18  17 40  259    9 43  -2 252   7 -4.2  7  17 33  -7  17 37  F
                    1 Thur Oct  19  17 39  259   33 42   7 240  18 -5.6 20  18 19  40  17 56  A
 2028 Nov  16 18 18   Thur
                    1 Fri  Nov  17  17 17  248   22 59   5 237  11 -4.8 13  17 49  32  17 31  D
                    2 Sat  Nov  18  17 16  248   46 58  15 228  20 -6.1 26  18 48  91  17 57  A
 2028 Dec  16 07 06   Sat 
                    0 Sat  Dec  16  17 16  243   10 10   2 239   4 -3.9  5  17 31  15  17 23  F
                    1 Sun  Dec  17  17 17  243   34 11  13 233  10 -5.3 18  18 33  77  17 51  A
 2029 Jan  14 22 24   Sun 
                    1 Mon  Jan  15  17 36  246   19 12   8 244   2 -4.4 10  18 21  44  17 56  C
                    2 Tues Jan  16  17 37  246   43 13  19 241   5 -5.7 21  19 19 102  18 22  A
 2029 Feb  13 15 31   Tues
                    0 Tues Feb  13  18 01  255    2 30   0 258  -3 -3.7  4  18 05   4  18 03  F
                    1 Wed  Feb  14  18 02  256   26 31  11 257  -2 -4.8 13  19 00  58  18 28  A
 2029 Mar  15 09 19   Thur
                    0 Thur Mar  15  18 22  268    9 03   3 273  -4 -4.1  6  18 40  18  18 30  F
                    1 Fri  Mar  16  18 23  269   33 04  14 272  -3 -5.1 16  19 33  70  18 54  A
 2029 Apr  14 02 40   Sat 
                    0 Sat  Apr  14  18 41  282   16 01   6 285  -3 -4.3  9  19 16  35  18 57  E
                    1 Sun  Apr  15  18 42  282   40 02  17 283  -1 -5.4 19  20 11  90  19 21  A
 2029 May  13 18 42   Sun 
                    0 Sun  May  13  19 00  292    0 18  -1 295  -3 -3.7  3  19 01   1  19 00  F
                    1 Mon  May  14  19 00  292   24 18  10 291   1 -4.7 12  19 56  56  19 25  B
 2029 June 12 08 50   Tues
                    0 Tues June 12  19 16  298   10 26   3 296   2 -3.9  5  19 37  20  19 25  F
                    1 Wed  June 13  19 17  298   34 27  12 289   9 -5.2 17  20 25  69  19 47  A
 2029 July 11 20 51   Wed 
                    1 Thur July 12  19 18  296   22 27   5 286  10 -4.7 12  19 48  30  19 32  E
                    2 Fri  July 13  19 18  296   46 27  14 277  19 -6.0 25  20 27  70  19 49  A
 2029 Aug  10 06 56   Fri 
                    0 Fri  Aug  10  19 00  288   12 04  -1 281   8 -4.2  8  19 02   1  19 01  F
                    1 Sat  Aug  11  18 59  288   36 03   7 270  18 -5.6 21  19 38  39  19 17  A
 2029 Sept  8 15 44   Sat 
                    0 Sat  Sept  8  18 28  277    2 44  -5 273   4 -3.9  5  18 10 -19  18 20  F
                    1 Sun  Sept  9  18 27  276   26 43   3 261  15 -5.2 16  18 47  20  18 36  E
                    2 Mon  Sept 10  18 26  276   50 42  11 249  27 -6.5 30  19 26  60  18 53  A
 2029 Oct   8 00 14   Mon 
                    0 Mon  Oct   8  17 51  263   17 37   1 252  11 -4.6 11  18 00   8  17 55  F
                    1 Tues Oct   9  17 50  263   41 36  10 241  22 -6.1 25  18 46  56  18 15  A
 2029 Nov   6 09 24   Tues
                    0 Tues Nov   6  17 23  252    7 59  -1 246   6 -4.0  6  17 22  -1  17 23  F
                    1 Wed  Nov   7  17 22  251   31 58   9 236  16 -5.5 19  18 18  56  17 47  A
 2029 Dec   5 19 52   Wed 
                    1 Thur Dec   6  17 14  244   21 22   8 236   8 -4.7 12  18 02  48  17 35  B
                    2 Fri  Dec   7  17 14  244   45 22  19 228  16 -6.1 26  19 09 115  18 05  A
 2030 Jan   4 07 49   Fri 
                    0 Fri  Jan   4  17 27  244    9 38   4 244   0 -4.0  6  17 52  25  17 38  F
                    1 Sat  Jan   5  17 28  244   33 39  16 239   5 -5.4 19  18 58  90  18 08  A
 2030 Feb   2 21 07   Sat 
                    1 Sun  Feb   3  17 53  251   20 46  10 253  -2 -4.7 12  18 45  53  18 16  B
                    2 Mon  Feb   4  17 53  252   44 46  22 251   1 -5.9 23  19 44 111  18 43  A
 2030 Mar   4 11 35   Mon 
                    0 Mon  Mar   4  18 15  263    6 40   2 268  -5 -4.0  6  18 29  14  18 21  F
                    1 Tues Mar   5  18 16  264   30 41  14 267  -3 -5.1 16  19 26  70  18 47  A
 2030 Apr   3 03 02   Wed 
                    0 Wed  Apr   3  18 34  277   15 32   6 280  -3 -4.3  8  19 07  33  18 49  F
                    1 Thur Apr   4  18 35  277   39 33  17 278  -1 -5.4 19  20 02  88  19 14  A
 2030 May   2 19 12   Thur
                    1 Fri  May   3  18 53  289   23 41   9 288   1 -4.6 11  19 44  51  19 16  B
 2030 June  1 11 21   Sat 
                    0 Sat  June  1  19 11  296    7 50   2 295   1 -3.7  4  19 24  12  19 17  F
                    1 Sun  June  2  19 12  297   31 51  11 289   7 -5.0 14  20 12  60  19 38  A
 2030 July  1 02 34   Mon 
                    0 Mon  July  1  19 20  298   16 46   3 291   7 -4.3  8  19 38  18  19 28  F
                    1 Tues July  2  19 20  297   40 46  11 283  15 -5.5 19  20 18  58  19 45  A
 2030 July 30 16 11   Tues
                    0 Tues July 30  19 09  292    2 58  -4 288   4 -3.8  4  18 55 -15  19 03  F
                    1 Wed  July 31  19 09  292   26 58   4 279  13 -4.9 14  19 30  22  19 18  F
                    2 Thur Aug   1  19 08  291   50 57  11 269  22 -6.1 26  20 05  57  19 33  A
 2030 Aug  29 04 07   Thur
                    0 Thur Aug  29  18 41  281   14 34  -1 272   9 -4.4  9  18 39  -2  18 40  F
                    1 Fri  Aug  30  18 39  281   38 32   6 262  19 -5.6 21  19 14  35  18 55  A
 2030 Sept 27 14 55   Fri 
                    0 Fri  Sept 27  18 05  268    3 10  -4 264   4 -3.9  5  17 48 -17  17 57  F
                    1 Sat  Sept 28  18 04  268   27 09   4 254  14 -5.1 15  18 27  24  18 14  E
                    2 Sun  Sept 29  18 02  268   51 07  12 242  25 -6.4 29  19 10  68  18 33  A
 2030 Oct  27 01 17   Sun 
                    0 Sun  Oct  27  17 31  256   16 14   2 247   9 -4.4 10  17 48  17  17 39  F
                    1 Mon  Oct  28  17 30  255   40 13  12 236  19 -5.9 23  18 41  71  18 02  A
 2030 Nov  25 11 46   Mon 
                    0 Mon  Nov  25  17 14  246    5 28   0 244   2 -3.7  3  17 21   7  17 17  F
                    1 Tues Nov  26  17 14  246   29 28  12 235  11 -5.3 17  18 24  70  17 45  A
 2030 Dec  24 22 32   Tues
                    1 Wed  Dec  25  17 20  243   18 48   9 240   3 -4.7 12  18 15  55  17 45  B
                    2 Thur Dec  26  17 21  243   42 49  22 234  10 -6.1 26  19 25 124  18 16  A
 2031 Jan  23 09 31   Thur
                    0 Thur Jan  23  17 43  248    8 12   4 251  -3 -4.1  7  18 08  25  17 54  F
                    1 Fri  Jan  24  17 44  248   32 13  17 247   1 -5.5 19  19 15  92  18 24  A
 2031 Feb  21 20 49   Fri 
                    1 Sat  Feb  22  18 08  259   21 19  11 262  -3 -4.8 13  19 03  55  18 32  A
 2031 Mar  23 08 49   Sun 
                    0 Sun  Mar  23  18 27  272    9 38   4 275  -3 -4.1  6  18 49  22  18 37  F
                    1 Mon  Mar  24  18 28  272   33 39  16 273  -1 -5.3 18  19 49  81  19 04  A
 2031 Apr  21 21 57   Mon 
                    1 Tues Apr  22  18 46  285   20 49   8 284   1 -4.5 10  19 32  47  19 06  B
                    2 Wed  Apr  23  18 46  285   44 49  19 281   4 -5.7 22  20 28 102  19 32  A
 2031 May  21 12 17   Wed 
                    0 Wed  May  21  19 04  294    6 47   1 293   2 -3.7  3  19 14  10  19 09  F
                    1 Thur May  22  19 05  294   30 48  11 288   7 -5.0 14  20 06  60  19 32  A
 2031 June 20 03 25   Fri 
                    0 Fri  June 20  19 19  298   15 54   3 291   7 -4.2  8  19 36  17  19 26  F
                    1 Sat  June 21  19 19  298   39 54  11 284  14 -5.4 19  20 18  59  19 45  A
 2031 July 19 18 40   Sat 
                    0 Sat  July 19  19 16  295    0 36  -5 291   3 -3.8  4  18 57 -19  19 07  F
                    1 Sun  July 20  19 15  295   24 35   3 283  11 -4.7 12  19 33  18  19 23  F
                    2 Mon  July 21  19 15  294   48 35  10 275  19 -5.8 23  20 08  53  19 38  A
 2031 Aug  18 09 32   Mon 
                    0 Mon  Aug  18  18 53  286    9 21  -3 279   7 -4.1  7  18 43 -10  18 49  F
                    1 Tues Aug  19  18 52  285   33 20   4 270  15 -5.2 16  19 16  24  19 03  D
                    2 Wed  Aug  20  18 51  285   57 19  11 261  24 -6.3 27  19 49  58  19 17  A
 2031 Sept 16 23 47   Tues
                    1 Wed  Sept 17  18 18  273   18 31   1 264  10 -4.5 10  18 24   7  18 21  F
                    2 Thur Sept 18  18 16  273   42 29   8 254  19 -5.7 21  19 00  44  18 36  A
 2031 Oct  16 13 21   Thur
                    0 Thur Oct  16  17 43  260    4 22  -2 257   3 -3.7  3  17 36  -6  17 40  F
                    1 Fri  Oct  17  17 42  260   28 21   6 247  12 -5.0 15  18 19  37  17 58  B
 2031 Nov  15 02 10   Sat 
                    0 Sat  Nov  15  17 18  249   15 08   5 244   5 -4.3  8  17 47  29  17 31  F
                    1 Sun  Nov  16  17 17  249   39 07  15 234  14 -5.7 22  18 44  87  17 56  A
 2031 Dec  14 14 06   Sun 
                    0 Sun  Dec  14  17 15  243    3 09   1 245  -1 -3.7  4  17 27  12  17 20  F
                    1 Mon  Dec  15  17 16  243   27 10  13 237   6 -5.2 16  18 33  77  17 50  A
 2032 Jan  13 01 07   Tues
                    0 Tues Jan  13  17 34  245   16 27   9 246  -1 -4.6 11  18 25  51  17 57  B
                    1 Wed  Jan  14  17 35  246   40 28  22 241   5 -6.0 25  19 35 120  18 28  A
 2032 Feb  11 11 24   Wed 
                    0 Wed  Feb  11  17 59  254    6 35   3 258  -4 -4.0  6  18 18  19  18 07  F
                    1 Thur Feb  12  18 00  255   30 36  17 255  -1 -5.4 19  19 26  87  18 38  A
 2032 Mar  11 21 25   Thur
                    1 Fri  Mar  12  18 21  267   20 56  10 269  -2 -4.7 12  19 15  55  18 45  A
 2032 Apr  10 07 39   Sat 
                    0 Sat  Apr  10  18 39  280   11 00   4 280   0 -4.0  6  19 04  25  18 50  F
                    1 Sun  Apr  11  18 39  281   35 00  17 277   3 -5.5 19  20 07  88  19 18  A
 2032 May   9 18 36   Sun 
                    0 Sun  May   9  18 57  291    0 21  -2 290   1 -3.4  1  18 52  -5  18 55  F
                    1 Mon  May  10  18 58  291   24 22  10 286   6 -4.8 13  19 51  53  19 21  B
 2032 June  8 06 32   Tues
                    0 Tues June  8  19 15  297   12 43   2 291   6 -4.2  7  19 29  14  19 21  F
                    1 Wed  June  9  19 15  297   36 43  12 285  13 -5.4 18  20 17  62  19 43  A
 2032 July  7 19 41   Wed 
                    1 Thur July  8  19 19  297   23 38   3 286  11 -4.7 12  19 40  21  19 28  F
                    2 Fri  July  9  19 19  297   47 38  11 278  19 -5.8 23  20 18  59  19 45  A
 2032 Aug   6 10 11   Fri 
                    0 Fri  Aug   6  19 04  290    8 53  -3 283   6 -4.0  6  18 54  -9  18 59  F
                    1 Sat  Aug   7  19 03  289   32 52   5 275  14 -5.1 16  19 28  26  19 14  E
                    2 Sun  Aug   8  19 02  289   56 51  12 266  23 -6.2 26  20 01  59  19 28  A
 2032 Sept  5 01 57   Sun 
                    0 Sun  Sept  5  18 32  278   16 35   0 270   8 -4.3  8  18 36   4  18 34  F
                    1 Mon  Sept  6  18 30  278   40 33   7 261  16 -5.4 19  19 09  38  18 47  B
 2032 Oct   4 18 26   Mon 
                    1 Tues Oct   5  17 54  265   23 28   4 255   9 -4.6 11  18 19  25  18 05  F
                    2 Wed  Oct   6  17 53  264   47 27  12 246  18 -5.8 22  18 57  64  18 22  A
 2032 Nov   3 10 45   Wed 
                    0 Wed  Nov   3  17 25  253    6 40   1 251   2 -3.7  4  17 36  11  17 30  F
                    1 Thur Nov   4  17 24  252   30 39  10 243  10 -5.1 15  18 20  56  17 49  A
 2032 Dec   3 01 53   Fri 
                    0 Fri  Dec   3  17 13  245   15 20   7 242   2 -4.4  9  17 54  41  17 32  D
                    1 Sat  Dec   4  17 13  244   39 20  17 235  10 -5.7 21  18 51  98  17 57  A
 2033 Jan   1 15 17   Sat 
                    0 Sat  Jan   1  17 25  244    2 08   1 247  -4 -3.9  5  17 37  12  17 30  F
                    1 Sun  Jan   2  17 26  244   26 09  13 242   2 -5.1 15  18 41  75  17 59  A
 2033 Jan  31 03 00   Mon 
                    0 Mon  Jan  31  17 50  251   14 50   8 253  -2 -4.4 10  18 33  43  18 09  C
                    1 Tues Feb   1  17 51  251   38 51  21 249   2 -5.9 23  19 40 109  18 40  A
 2033 Mar   1 13 23   Tues
                    0 Tues Mar   1  18 13  262    4 50   1 265  -3 -3.8  4  18 24  11  18 18  F
                    1 Wed  Mar   2  18 14  262   28 51  15 262   0 -5.3 17  19 33  79  18 49  A
 2033 Mar  30 22 52   Wed 
                    1 Thur Mar  31  18 32  276   19 40  10 274   2 -4.7 12  19 24  51  18 55  B
                    2 Fri  Apr   1  18 33  276   43 41  23 271   5 -6.1 26  20 31 118  19 25  A
 2033 Apr  29 07 46   Fri 
                    0 Fri  Apr  29  18 51  288   11 05   4 284   4 -4.1  7  19 14  23  19 01  F
                    1 Sat  Apr  30  18 51  288   35 05  17 280   8 -5.6 20  20 19  88  19 30  A
 2033 May  28 16 36   Sat 
                    0 Sat  May  28  19 09  296    2 33  -2 292   4 -3.8  4  19 02  -7  19 06  F
                    1 Sun  May  29  19 10  296   26 34   9 286  10 -5.1 15  20 02  52  19 33  A
 2033 June 27 02 07   Mon 
                    0 Mon  June 27  19 20  298   17 13   2 288   9 -4.5 10  19 36  16  19 27  F
                    1 Tues June 28  19 20  298   41 13  12 281  17 -5.7 22  20 23  63  19 48  A
 2033 July 26 13 12   Tues
                    0 Tues July 26  19 12  293    6 00  -3 288   5 -3.9  6  19 01 -11  19 07  F
                    1 Wed  July 27  19 11  293   29 59   5 279  13 -5.1 15  19 40  29  19 24  D
                    2 Thur July 28  19 11  292   53 59  13 271  22 -6.2 26  20 17  67  19 40  A
 2033 Aug  25 02 40   Thur
                    0 Thur Aug  25  18 45  283   16 05   1 275   8 -4.2  8  18 52   7  18 48  F
                    1 Fri  Aug  26  18 44  282   40 04   8 266  16 -5.4 19  19 26  42  19 02  A
 2033 Sept 23 18 40   Fri 
                    1 Sat  Sept 24  18 08  270   23 28   5 261   9 -4.5 11  18 34  26  18 20  F
                    2 Sun  Sept 25  18 07  269   47 27  12 252  17 -5.7 21  19 08  61  18 34  A
 2033 Oct  23 12 28   Sun 
                    0 Sun  Oct  23  17 35  257    5 07   1 256   1 -3.6  3  17 44  10  17 39  F
                    1 Mon  Oct  24  17 34  257   29 06   9 248   9 -4.9 13  18 22  48  17 55  B
 2033 Nov  22 06 39   Tues
                    0 Tues Nov  22  17 15  247   10 36   5 246   0 -4.1  6  17 43  28  17 28  F
                    1 Wed  Nov  23  17 15  247   34 36  13 239   8 -5.2 17  18 29  75  17 48  A
 2033 Dec  21 23 46   Wed 
                    1 Thur Dec  22  17 19  243   17 33   8 243   0 -4.5 10  18 06  48  17 40  C
                    2 Fri  Dec  23  17 19  243   41 33  18 236   7 -5.7 21  19 02 103  18 05  A
 2034 Jan  20 15 01   Fri 
                    0 Fri  Jan  20  17 40  247    2 39   1 251  -4 -3.9  5  17 50   9  17 44  F
                    1 Sat  Jan  21  17 41  247   26 40  13 246   1 -5.0 15  18 50  69  18 12  A
 2034 Feb  19 04 10   Sun 
                    0 Sun  Feb  19  18 06  258   13 56   6 258  -1 -4.2  8  18 40  34  18 21  E
                    1 Mon  Feb  20  18 06  258   37 56  19 255   3 -5.7 21  19 44  98  18 50  A
 2034 Mar  20 15 14   Mon 
                    0 Mon  Mar  20  18 25  270    3 11   0 270   0 -3.5  2  18 29   4  18 27  F
                    1 Tues Mar  21  18 26  271   27 12  14 268   3 -5.1 16  19 36  70  18 57  A
 2034 Apr  19 00 26   Wed 
                    0 Wed  Apr  19  18 44  284   18 18   8 278   5 -4.6 11  19 29  45  19 04  B
                    1 Thur Apr  20  18 45  284   42 19  22 275   9 -6.1 25  20 37 112  19 35  A
 2034 May  18 08 12   Thur
                    0 Thur May  18  19 03  293   10 51   3 287   6 -4.2  8  19 21  18  19 11  F
                    1 Fri  May  19  19 03  294   34 51  16 282  12 -5.7 21  20 26  83  19 40  A
 2034 June 16 15 26   Fri 
                    0 Fri  June 16  19 18  298    3 52  -3 292   5 -3.9  5  19 08  -9  19 13  F
                    1 Sat  June 17  19 18  298   27 52   9 285  13 -5.2 17  20 07  50  19 40  A
 2034 July 15 23 15   Sat 
                    1 Sun  July 16  19 17  295   20 02   3 285  10 -4.7 12  19 38  21  19 26  F
                    2 Mon  July 17  19 17  295   44 02  13 276  19 -6.0 24  20 24  67  19 47  A
 2034 Aug  14 08 53   Mon 
                    0 Mon  Aug  14  18 57  287   10 04   0 281   6 -4.0  6  18 59   3  18 58  F
                    1 Tues Aug  15  18 56  287   34 03   8 272  14 -5.3 17  19 39  43  19 15  A
 2034 Sept 12 21 14   Tues
                    1 Wed  Sept 13  18 22  275   21 08   5 267   8 -4.5 10  18 49  27  18 34  F
                    2 Thur Sept 14  18 21  274   45 07  12 258  17 -5.7 22  19 24  63  18 49  A
 2034 Oct  12 12 33   Thur
                    0 Thur Oct  12  17 47  262    5 14   2 261   0 -3.7  3  17 59  12  17 52  F
                    1 Fri  Oct  13  17 46  261   29 13   9 253   9 -4.9 14  18 34  49  18 07  B
 2034 Nov  11 06 16   Sat 
                    0 Sat  Nov  11  17 20  250   11 04   5 249   1 -4.1  7  17 49  29  17 33  F
                    1 Sun  Nov  12  17 19  250   35 03  13 241   8 -5.2 17  18 29  70  17 50  A
 2034 Dec  11 01 14   Mon 
                    0 Mon  Dec  11  17 14  244   16 00   7 243   0 -4.3  9  17 56  41  17 33  D
                    1 Tues Dec  12  17 15  244   40 01  16 236   7 -5.4 19  18 44  89  17 54  A
 2035 Jan   9 20 03   Tues
                    1 Wed  Jan  10  17 32  245   21 29   9 244   1 -4.6 11  18 22  51  17 54  B
                    2 Thur Jan  11  17 32  245   45 29  19 239   6 -5.7 22  19 17 104  18 19  A
 2035 Feb   8 13 22   Thur
                    0 Thur Feb   8  17 57  253    4 35   1 255  -1 -3.6  3  18 05   8  18 00  F
                    1 Fri  Feb   9  17 57  254   28 35  12 251   2 -4.9 14  19 02  65  18 26  A
 2035 Mar  10 04 09   Sat 
                    0 Sat  Mar  10  18 19  266   14 10   5 264   2 -4.2  8  18 49  30  18 32  F
                    1 Sun  Mar  11  18 20  266   38 11  18 261   5 -5.6 20  19 50  91  19 00  A
 2035 Apr   8 15 58   Sun 
                    0 Sun  Apr   8  18 37  279    2 39  -1 276   3 -3.7  3  18 37   0  18 37  F
                    1 Mon  Apr   9  18 38  279   26 40  12 273   6 -5.1 15  19 42  64  19 06  A
 2035 May   8 01 04   Tues
                    0 Tues May   8  18 56  290   17 52   7 283   8 -4.7 12  19 35  39  19 13  C
                    1 Wed  May   9  18 57  291   41 53  20 278  12 -6.1 25  20 42 105  19 43  A
 2035 June  6 08 21   Wed 
                    0 Wed  June  6  19 13  297   10 52   2 290   7 -4.3  8  19 26  13  19 19  F
                    1 Thur June  7  19 14  297   34 53  14 283  14 -5.7 21  20 31  77  19 48  A
 2035 July  5 14 59   Thur
                    0 Thur July  5  19 20  297    4 21  -2 292   5 -3.9  5  19 12  -8  19 16  F
                    1 Fri  July  6  19 20  297   28 21   9 284  13 -5.2 17  20 09  50  19 42  A
 2035 Aug   3 22 12   Fri 
                    1 Sat  Aug   4  19 06  290   20 54   5 281  10 -4.7 12  19 36  30  19 19  E
                    2 Sun  Aug   5  19 05  290   44 53  15 271  19 -6.1 25  20 20  75  19 39  A
 2035 Sept  2 06 59   Sun 
                    0 Sun  Sept  2  18 36  280   11 37   3 275   4 -4.1  6  18 54  17  18 44  F
                    1 Mon  Sept  3  18 35  279   35 36  11 265  14 -5.5 19  19 33  58  19 01  A
 2035 Oct   1 18 07   Mon 
                    1 Tues Oct   2  17 59  266   23 52   9 259   8 -4.8 13  18 44  45  18 19  B
 2035 Oct  31 07 59   Wed 
                    0 Wed  Oct  31  17 28  254    9 29   5 254   0 -4.1  7  17 56  28  17 40  F
                    1 Thur Nov   1  17 27  254   33 28  12 245   9 -5.2 17  18 35  68  17 57  A
 2035 Nov  30 00 37   Fri 
                    0 Fri  Nov  30  17 13  245   16 36   7 244   1 -4.4  9  17 55  42  17 32  C
                    1 Sat  Dec   1  17 13  245   40 36  15 236   9 -5.5 19  18 40  87  17 52  A
 2035 Dec  29 19 31   Sat 
                    1 Sun  Dec  30  17 23  243   21 52   8 241   2 -4.5 10  18 12  49  17 45  B
                    2 Mon  Dec  31  17 24  244   45 53  18 235   8 -5.6 21  19 03  99  18 08  A
 2036 Jan  28 15 17   Mon 
                    0 Mon  Jan  28  17 47  249    2 30   0 250  -1 -3.5  2  17 50   3  17 48  F
                    1 Tues Jan  29  17 48  250   26 31  10 247   3 -4.7 12  18 43  55  18 12  B