 year  h   cd conj  f wk   mon  day  set   Saz    age  Alt Maz  dz  Mag El  mset  lag   best  cat
 2025 Jan  29 17 36   Wed 
                    1 Thur Jan  30  17 34  249   23 58   9 242   7 -4.9 13  18 31  57  17 59  A
 2025 Feb  28 05 45   Fri 
                    0 Fri  Feb  28  18 01  261   12 16   5 259   2 -4.1  7  18 30  29  18 14  F
                    1 Sat  Mar   1  18 02  262   36 17  19 258   4 -5.6 21  19 41  99  18 46  A
 2025 Mar  29 15 58   Sat 
                    0 Sat  Mar  29  18 25  275    2 27   0 276  -1 -3.5  2  18 28   3  18 26  F
                    1 Sun  Mar  30  18 25  275   26 27  14 275   1 -5.1 16  19 42  77  19 00  A
 2025 Apr  28 00 31   Mon 
                    0 Mon  Apr  28  18 48  288   18 17  10 289  -1 -4.7 12  19 47  59  19 14  A
 2025 May  27 08 02   Tues
                    0 Tues May  27  19 10  297   11 08   6 298  -1 -4.3  8  19 52  42  19 29  E
                    1 Wed  May  28  19 11  297   35 09  19 292   5 -5.7 21  21 02 111  20 00  A
 2025 June 25 15 32   Wed 
                    0 Wed  June 25  19 22  299    3 50   3 302  -2 -3.9  5  19 45  23  19 32  F
                    1 Thur June 26  19 22  299   27 50  13 292   7 -5.2 16  20 39  77  19 57  A
 2025 July 25 00 11   Fri 
                    0 Fri  July 25  19 13  294   19 02   7 289   6 -4.5 11  19 55  42  19 32  C
                    1 Sat  July 26  19 13  294   43 02  14 278  16 -5.8 23  20 27  75  19 46  A
 2025 Aug  23 11 07   Sat 
                    0 Sat  Aug  23  18 44  284    7 37   1 282   2 -3.8  4  18 55  11  18 49  F
                    1 Sun  Aug  24  18 43  284   31 36   7 271  13 -5.1 16  19 21  38  19 00  B
 2025 Sept 22 00 54   Mon 
                    0 Mon  Sept 22  18 03  271   17 09   1 263   8 -4.3  8  18 12   9  18 07  F
                    1 Tues Sept 23  18 02  270   41 08   6 252  18 -5.5 19  18 37  35  18 17  B
 2025 Oct  21 17 25   Tues
                    0 Tues Oct  21  17 25  257    0 00  -5 255   2 -3.7  3  17 06 -19  17 16  F
                    1 Wed  Oct  22  17 23  257   23 58   1 246  11 -4.7 12  17 33  10  17 28  F
                    2 Thur Oct  23  17 22  256   47 57   7 236  21 -5.8 22  18 05  43  17 41  A
 2025 Nov  20 11 47   Thur
                    0 Thur Nov  20  16 59  246    5 12  -4 241   5 -3.9  5  16 42 -17  16 51  F
                    1 Fri  Nov  21  16 59  246   29 12   3 233  13 -4.9 14  17 23  24  17 09  F
                    2 Sat  Nov  22  16 58  246   53 11  10 224  22 -6.0 25  18 10  72  17 30  A
 2025 Dec  20 06 43   Sat 
                    0 Sat  Dec  20  16 59  242   10 16  -1 235   7 -4.1  7  16 59   0  16 59  F
                    1 Sun  Dec  21  17 00  242   34 17   8 229  13 -5.2 16  17 57  57  17 25  A
 2026 Jan  19 00 52   Mon 
                    0 Mon  Jan  19  17 23  246   16 31   4 240   6 -4.3  8  17 52  29  17 36  F
                    1 Tues Jan  20  17 24  246   40 32  15 236  10 -5.5 20  18 56  92  18 05  A
 2026 Feb  17 17 01   Tues
                    0 Tues Feb  17  17 51  256    0 50  -2 255   1 -3.4  1  17 47  -4  17 49  F
                    1 Wed  Feb  18  17 52  257   24 51  11 254   3 -4.8 13  18 51  59  18 18  A
 2026 Mar  19 06 23   Thur
                    0 Thur Mar  19  18 17  270   11 54   5 271  -1 -4.1  7  18 46  29  18 30  F
                    1 Fri  Mar  20  18 18  271   35 55  18 270   0 -5.6 20  19 55  97  19 01  A
 2026 Apr  17 16 52   Fri 
                    0 Fri  Apr  17  18 39  283    1 47   0 287  -4 -3.8  4  18 44   5  18 42  F
                    1 Sat  Apr  18  18 40  284   25 48  14 285  -1 -5.1 16  19 59  79  19 15  A
 2026 May  17 01 01   Sun 
                    0 Sun  May  17  19 03  294   18 02  10 295   0 -4.7 12  20 06  63  19 31  A
 2026 June 15 07 54   Mon 
                    0 Mon  June 15  19 20  299   11 26   6 299   0 -4.3  8  20 02  42  19 39  E
                    1 Tues June 16  19 20  299   35 26  17 290  10 -5.7 21  21 01 101  20 05  A
 2026 July 14 14 44   Tues
                    0 Tues July 14  19 19  297    4 35   2 297   0 -3.8  4  19 37  17  19 27  F
                    1 Wed  July 15  19 19  297   28 35  11 286  11 -5.2 17  20 20  61  19 46  A
 2026 Aug  12 22 37   Wed 
                    1 Thur Aug  13  18 56  288   20 19   5 279   9 -4.6 11  19 23  27  19 08  F
                    2 Fri  Aug  14  18 55  288   44 18  11 267  21 -6.0 24  19 52  57  19 21  A
 2026 Sept 11 08 27   Fri 
                    0 Fri  Sept 11  18 19  276    9 52  -1 270   6 -4.0  6  18 19   0  18 19  F
                    1 Sat  Sept 12  18 18  275   33 51   5 259  17 -5.4 18  18 46  28  18 30  C
                    2 Sun  Sept 13  18 16  275   57 49  10 247  28 -6.5 30  19 14  57  18 42  A
 2026 Oct  10 20 50   Sat 
                    1 Sun  Oct  11  17 37  262   20 47   0 251  11 -4.6 11  17 42   5  17 40  F
                    2 Mon  Oct  12  17 36  261   44 46   6 240  21 -5.8 23  18 14  38  17 53  A
 2026 Nov   9 12 02   Mon 
                    0 Mon  Nov   9  17 06  250    5 04  -4 245   5 -3.9  6  16 47 -19  16 58  F
                    1 Tues Nov  10  17 05  250   29 03   3 236  14 -5.0 15  17 26  21  17 15  F
                    2 Wed  Nov  11  17 05  249   53 03   9 227  23 -6.1 25  18 10  66  17 34  A
 2026 Dec   9 05 52   Wed 
                    0 Wed  Dec   9  16 56  243   11 04  -1 236   7 -4.1  7  16 55  -1  16 56  F
                    1 Thur Dec  10  16 56  242   35 04   7 229  14 -5.2 16  17 48  52  17 19  B
 2027 Jan   8 01 24   Fri 
                    0 Fri  Jan   8  17 12  243   15 48   3 238   5 -4.2  7  17 37  24  17 23  F
                    1 Sat  Jan   9  17 13  244   39 49  13 234  10 -5.4 18  18 35  82  17 50  A
 2027 Feb   6 20 56   Sat 
                    1 Sun  Feb   7  17 41  252   20 45   8 250   2 -4.4 10  18 26  44  18 01  C
                    2 Mon  Feb   8  17 42  252   44 46  19 248   5 -5.6 21  19 24 101  18 27  A
 2027 Mar   8 14 29   Mon 
                    0 Mon  Mar   8  18 08  265    3 39   0 267  -2 -3.7  3  18 14   6  18 11  F
                    1 Tues Mar   9  18 09  265   27 40  12 266  -1 -4.9 14  19 14  65  18 38  A
 2027 Apr   7 04 51   Wed 
                    0 Wed  Apr   7  18 31  279   13 40   6 282  -3 -4.3  8  19 07  36  18 47  E
                    1 Thur Apr   8  18 32  279   37 41  19 280  -1 -5.6 20  20 14 102  19 18  A
 2027 May   6 15 59   Thur
                    0 Thur May   6  18 54  291    2 55   1 295  -4 -3.9  5  19 07  12  19 00  F
                    1 Fri  May   7  18 55  291   26 56  14 291   0 -5.1 16  20 18  83  19 32  A
 2027 June  5 00 40   Sat 
                    0 Sat  June  5  19 15  298   18 35   9 296   2 -4.6 11  20 14  59  19 41  B
                    1 Sun  June  6  19 16  298   42 36  20 287  11 -6.0 25  21 13 118  20 08  A
 2027 July  4 08 02   Sun 
                    0 Sun  July  4  19 22  299   11 20   4 296   3 -4.1  7  19 52  30  19 35  F
                    1 Mon  July  5  19 22  299   35 20  14 284  14 -5.6 21  20 38  76  19 56  A
 2027 Aug   2 15 05   Mon 
                    0 Mon  Aug   2  19 07  292    4 02   0 290   2 -3.6  2  19 09   2  19 08  F
                    1 Tues Aug   3  19 06  292   28 01   7 278  14 -5.2 17  19 46  40  19 24  B
 2027 Aug  31 22 41   Tues
                    1 Wed  Sept  1  18 33  281   19 52   2 269  11 -4.7 12  18 45  12  18 39  F
                    2 Thur Sept  2  18 32  280   43 51   8 256  24 -6.1 26  19 16  45  18 51  A
 2027 Sept 30 07 36   Thur
                    0 Thur Sept 30  17 52  267   10 16  -3 260   7 -4.2  7  17 44  -9  17 49  F
                    1 Fri  Oct   1  17 51  267   34 15   4 248  19 -5.5 20  18 17  26  18 02  C
                    2 Sat  Oct   2  17 50  266   58 14  10 236  30 -6.7 32  18 53  63  18 18  A
 2027 Oct  29 18 37   Fri 
                    1 Sat  Oct  30  17 15  254   22 38   1 241  13 -4.8 13  17 26  11  17 20  F
                    2 Sun  Oct  31  17 14  253   46 37   8 231  23 -6.0 25  18 11  56  17 39  A
 2027 Nov  28 08 24   Sun 
                    0 Sun  Nov  28  16 57  245    8 33  -2 239   6 -4.0  6  16 50  -6  16 54  F
                    1 Mon  Nov  29  16 56  244   32 32   7 230  14 -5.2 16  17 43  47  17 17  B
 2027 Dec  28 01 12   Tues
                    0 Tues Dec  28  17 04  242   15 52   3 236   6 -4.2  8  17 29  25  17 15  F
                    1 Wed  Dec  29  17 04  242   39 52  13 231  11 -5.4 18  18 28  84  17 42  A
 2028 Jan  26 20 12   Wed 
                    1 Thur Jan  27  17 30  248   21 18   8 246   2 -4.4 10  18 16  46  17 51  C
                    2 Fri  Jan  28  17 31  248   45 19  18 243   5 -5.6 21  19 12 101  18 16  A
 2028 Feb  25 15 37   Fri 
                    0 Fri  Feb  25  17 58  259    2 21   0 262  -3 -3.7  3  18 02   4  18 00  F
                    1 Sat  Feb  26  17 59  260   26 22  11 261  -1 -4.8 13  18 57  58  18 25  A
 2028 Mar  26 09 31   Sun 
                    0 Sun  Mar  26  18 23  274    8 52   3 278  -4 -4.0  6  18 43  20  18 32  F
                    1 Mon  Mar  27  18 23  274   32 52  14 276  -2 -5.2 16  19 41  78  18 58  A
 2028 Apr  25 00 47   Tues
                    0 Tues Apr  25  18 46  287   17 59   8 289  -2 -4.5 10  19 34  48  19 07  C
                    1 Wed  Apr  26  18 47  287   42 00  19 286   2 -5.7 21  20 37 110  19 36  A
 2028 May  24 13 16   Wed 
                    0 Wed  May  24  19 08  296    5 52   3 298  -2 -3.9  5  19 28  20  19 17  F
                    1 Thur May  25  19 09  297   29 53  13 292   5 -5.1 16  20 29  80  19 44  A
 2028 June 22 23 27   Thur
                    1 Fri  June 23  19 22  299   19 55   7 293   6 -4.6 11  20 07  45  19 42  C
                    2 Sat  June 24  19 22  299   43 55  16 283  16 -6.0 24  20 52  90  20 02  A
 2028 July 22 08 02   Sat 
                    0 Sat  July 22  19 15  295   11 13   1 290   6 -4.1  7  19 27  12  19 20  F
                    1 Sun  July 23  19 14  295   35 12   9 278  17 -5.6 20  20 05  50  19 37  A
 2028 Aug  20 15 44   Sun 
                    0 Sun  Aug  20  18 47  285    3 03  -3 282   3 -3.7  4  18 34 -13  18 42  F
                    1 Mon  Aug  21  18 46  285   27 02   4 269  16 -5.2 17  19 09  22  18 56  D
                    2 Tues Aug  22  18 45  285   51 01  10 256  28 -6.6 31  19 42  57  19 10  A
 2028 Sept 18 23 24   Mon 
                    1 Tues Sept 19  18 07  272   18 43   0 260  12 -4.7 12  18 11   4  18 09  F
                    2 Wed  Sept 20  18 05  271   42 41   7 247  24 -6.1 26  18 47  42  18 24  A
 2028 Oct  18 07 57   Wed 
                    0 Wed  Oct  18  17 28  259    9 31  -3 251   7 -4.2  7  17 18 -10  17 23  F
                    1 Thur Oct  19  17 27  258   33 30   5 239  19 -5.6 20  18 01  34  17 42  B
 2028 Nov  16 18 18   Thur
                    1 Fri  Nov  17  17 01  247   22 43   4 236  12 -4.8 13  17 29  28  17 13  F
                    2 Sat  Nov  18  17 00  247   46 42  13 226  21 -6.1 26  18 27  87  17 39  A
 2028 Dec  16 07 06   Sat 
                    0 Sat  Dec  16  16 58  242    9 52   1 238   4 -3.9  5  17 11  13  17 04  F
                    1 Sun  Dec  17  16 58  242   33 52  12 231  11 -5.3 18  18 14  76  17 32  A
 2029 Jan  14 22 24   Sun 
                    1 Mon  Jan  15  17 19  245   18 55   7 242   2 -4.4  9  18 05  45  17 39  C
                    2 Tues Jan  16  17 20  245   42 56  18 239   7 -5.7 21  19 05 105  18 07  A
 2029 Feb  13 15 31   Tues
                    0 Tues Feb  13  17 48  255    2 17   0 258  -3 -3.7  4  17 53   5  17 50  F
                    1 Wed  Feb  14  17 49  255   26 18  11 256  -1 -4.8 13  18 50  61  18 16  A
 2029 Mar  15 09 19   Thur
                    0 Thur Mar  15  18 14  268    8 55   3 272  -4 -4.0  6  18 34  20  18 23  F
                    1 Fri  Mar  16  18 15  269   32 56  14 271  -2 -5.1 16  19 29  74  18 48  A
 2029 Apr  14 02 40   Sat 
                    0 Sat  Apr  14  18 37  282   15 57   6 285  -3 -4.3  9  19 15  38  18 54  E
                    1 Sun  Apr  15  18 38  283   39 58  17 282   0 -5.4 19  20 12  94  19 20  A
 2029 May  13 18 42   Sun 
                    0 Sun  May  13  19 00  293    0 18   0 296  -3 -3.7  3  19 03   3  19 01  F
                    1 Mon  May  14  19 01  294   24 19  10 292   2 -4.7 12  19 59  59  19 27  B
 2029 June 12 08 50   Tues
                    0 Tues June 12  19 19  299   10 29   3 297   2 -3.9  5  19 40  21  19 28  F
                    1 Wed  June 13  19 19  299   34 29  12 289  10 -5.2 17  20 27  68  19 50  A
 2029 July 11 20 51   Wed 
                    1 Thur July 12  19 20  297   22 29   4 287  10 -4.7 12  19 48  28  19 32  F
                    2 Fri  July 13  19 20  297   46 29  12 277  20 -6.0 25  20 25  65  19 49  A
 2029 Aug  10 06 56   Fri 
                    0 Fri  Aug  10  18 59  289   12 03  -1 282   8 -4.2  8  18 57  -2  18 58  F
                    1 Sat  Aug  11  18 58  289   36 02   6 270  19 -5.6 20  19 31  33  19 13  B
 2029 Sept  8 15 44   Sat 
                    0 Sat  Sept  8  18 23  277    2 39  -5 273   4 -3.9  5  18 02 -21  18 13  F
                    1 Sun  Sept  9  18 21  277   26 37   2 261  16 -5.2 16  18 36  15  18 28  F
                    2 Mon  Sept 10  18 20  276   50 36   9 249  28 -6.5 30  19 13  53  18 43  A
 2029 Oct   8 00 14   Mon 
                    0 Mon  Oct   8  17 41  263   17 27   0 252  11 -4.6 11  17 45   4  17 43  F
                    1 Tues Oct   9  17 40  263   41 26   8 240  23 -6.0 25  18 29  50  18 02  A
 2029 Nov   6 09 24   Tues
                    0 Tues Nov   6  17 08  251    7 44  -2 245   6 -4.0  6  17 04  -4  17 07  F
                    1 Wed  Nov   7  17 08  251   31 44   8 234  16 -5.4 19  17 59  52  17 30  A
 2029 Dec   5 19 52   Wed 
                    1 Thur Dec   6  16 56  243   21 04   7 235   8 -4.7 12  17 43  47  17 17  C
                    2 Fri  Dec   7  16 56  243   45 04  18 226  17 -6.1 26  18 51 115  17 47  A
 2030 Jan   4 07 49   Fri 
                    0 Fri  Jan   4  17 09  243    9 20   4 242   1 -4.0  6  17 35  26  17 21  F
                    1 Sat  Jan   5  17 10  243   33 21  16 236   7 -5.4 19  18 43  93  17 51  A
 2030 Feb   2 21 07   Sat 
                    1 Sun  Feb   3  17 38  251   20 31  10 251  -1 -4.7 12  18 33  55  18 02  B
                    2 Mon  Feb   4  17 39  251   44 32  22 248   3 -5.9 23  19 35 116  18 30  A
 2030 Mar   4 11 35   Mon 
                    0 Mon  Mar   4  18 05  263    6 30   2 267  -4 -4.0  6  18 21  16  18 12  F
                    1 Tues Mar   5  18 05  263   30 30  14 265  -2 -5.1 16  19 19  74  18 38  A
 2030 Apr   3 03 02   Wed 
                    0 Wed  Apr   3  18 28  277   15 26   6 280  -3 -4.3  8  19 04  36  18 44  E
                    1 Thur Apr   4  18 29  278   39 27  17 277   0 -5.4 19  20 01  92  19 10  A
 2030 May   2 19 12   Thur
                    1 Fri  May   3  18 52  290   23 40   9 288   2 -4.6 11  19 45  53  19 16  B
 2030 June  1 11 21   Sat 
                    0 Sat  June  1  19 13  298    7 52   1 296   2 -3.7  4  19 26  13  19 19  F
                    1 Sun  June  2  19 14  298   31 53  10 290   8 -5.0 14  20 14  60  19 40  A
 2030 July  1 02 34   Mon 
                    0 Mon  July  1  19 22  299   16 48   2 292   7 -4.3  8  19 39  16  19 30  F
                    1 Tues July  2  19 22  299   40 48  10 283  16 -5.5 19  20 17  54  19 46  A
 2030 July 30 16 11   Tues
                    0 Tues July 30  19 10  293    2 59  -4 289   4 -3.8  4  18 53 -17  19 02  F
                    1 Wed  July 31  19 09  293   26 58   3 279  13 -4.9 14  19 26  18  19 17  F
                    2 Thur Aug   1  19 08  292   50 57   9 269  23 -6.1 26  19 59  51  19 30  A
 2030 Aug  29 04 07   Thur
                    0 Thur Aug  29  18 37  282   14 30  -2 273   9 -4.4  9  18 32  -5  18 34  F
                    1 Fri  Aug  30  18 35  281   38 28   5 262  20 -5.6 21  19 05  29  18 48  B
 2030 Sept 27 14 55   Fri 
                    0 Fri  Sept 27  17 56  268    3 01  -5 265   4 -3.9  5  17 37 -20  17 48  F
                    1 Sat  Sept 28  17 55  268   27 00   3 253  15 -5.1 15  18 14  19  18 03  F
                    2 Sun  Sept 29  17 53  267   50 58  10 242  26 -6.4 28  18 55  62  18 21  A
 2030 Oct  27 01 17   Sun 
                    0 Sun  Oct  27  17 18  255   16 01   2 246   9 -4.4  9  17 32  14  17 24  F
                    1 Mon  Oct  28  17 17  255   40 00  11 235  20 -5.9 23  18 24  66  17 47  A
 2030 Nov  25 11 46   Mon 
                    0 Mon  Nov  25  16 57  245    5 11   0 243   2 -3.6  3  17 03   5  17 00  F
                    1 Tues Nov  26  16 57  245   29 11  11 233  12 -5.3 17  18 06  69  17 28  A
 2030 Dec  24 22 32   Tues
                    1 Wed  Dec  25  17 02  242   18 30   9 238   4 -4.6 11  17 58  56  17 27  B
                    2 Thur Dec  26  17 03  242   42 31  21 230  12 -6.1 25  19 10 127  17 59  A
 2031 Jan  23 09 31   Thur
                    0 Thur Jan  23  17 27  247    7 56   4 249  -2 -4.1  6  17 53  27  17 38  F
                    1 Fri  Jan  24  17 28  247   31 57  17 245   2 -5.5 19  19 03  96  18 10  A
 2031 Feb  21 20 49   Fri 
                    1 Sat  Feb  22  17 56  258   21 07  11 260  -2 -4.8 13  18 54  58  18 22  A
 2031 Mar  23 08 49   Sun 
                    0 Sun  Mar  23  18 20  272    9 31   4 275  -3 -4.0  6  18 43  24  18 30  F
                    1 Mon  Mar  24  18 21  272   33 32  16 272   0 -5.3 18  19 45  85  18 58  A
 2031 Apr  21 21 57   Mon 
                    1 Tues Apr  22  18 43  285   20 46   8 284   1 -4.5 10  19 31  48  19 05  B
                    2 Wed  Apr  23  18 44  286   44 47  19 280   6 -5.7 22  20 28 105  19 30  A
 2031 May  21 12 17   Wed 
                    0 Wed  May  21  19 06  295    6 49   1 294   2 -3.7  3  19 15  10  19 10  F
                    1 Thur May  22  19 06  296   30 49  10 288   8 -5.0 14  20 07  61  19 33  A
 2031 June 20 03 25   Fri 
                    0 Fri  June 20  19 21  299   15 56   2 292   7 -4.2  8  19 36  15  19 28  F
                    1 Sat  June 21  19 22  299   39 57  10 285  15 -5.4 19  20 17  56  19 46  A
 2031 July 19 18 40   Sat 
                    0 Sat  July 19  19 17  296    0 37  -5 293   3 -3.8  4  18 56 -22  19 08  F
                    1 Sun  July 20  19 17  296   24 37   2 284  12 -4.7 12  19 31  14  19 23  F
                    2 Mon  July 21  19 16  296   48 36   9 275  20 -5.8 23  20 04  48  19 37  A
 2031 Aug  18 09 32   Mon 
                    0 Mon  Aug  18  18 51  286    9 19  -3 280   6 -4.1  7  18 38 -13  18 45  F
                    1 Tues Aug  19  18 50  286   33 18   3 270  16 -5.2 16  19 09  20  18 58  F
                    2 Wed  Aug  20  18 48  286   57 16  10 261  25 -6.3 27  19 40  52  19 11  A
 2031 Sept 16 23 47   Tues
                    1 Wed  Sept 17  18 11  273   18 24   0 264  10 -4.4 10  18 14   3  18 12  F
                    2 Thur Sept 18  18 09  273   42 22   7 253  19 -5.7 21  18 48  39  18 27  A
 2031 Oct  16 13 21   Thur
                    0 Thur Oct  16  17 31  260    4 10  -2 257   3 -3.6  3  17 23  -8  17 28  F
                    1 Fri  Oct  17  17 30  259   28 09   5 247  13 -5.0 15  18 04  34  17 45  C
                    2 Sat  Oct  18  17 29  259   52 08  13 236  23 -6.3 27  18 49  80  18 04  A
 2031 Nov  15 02 10   Sat 
                    0 Sat  Nov  15  17 02  248   14 52   4 242   6 -4.3  8  17 30  28  17 15  F
                    1 Sun  Nov  16  17 02  248   38 52  14 232  15 -5.7 22  18 26  85  17 39  A
 2031 Dec  14 14 06   Sun 
                    0 Sun  Dec  14  16 57  242    2 51   1 243  -1 -3.7  3  17 09  12  17 03  F
                    1 Mon  Dec  15  16 57  242   26 51  13 235   7 -5.1 16  18 15  78  17 32  A
 2032 Jan  13 01 07   Tues
                    0 Tues Jan  13  17 17  244   16 10   9 244   0 -4.6 11  18 10  54  17 41  B
                    1 Wed  Jan  14  17 18  244   40 11  22 238   7 -6.0 24  19 22 124  18 13  A
 2032 Feb  11 11 24   Wed 
                    0 Wed  Feb  11  17 45  253    6 21   3 257  -4 -4.0  6  18 06  21  17 54  F
                    1 Thur Feb  12  17 46  254   30 22  17 253   1 -5.4 19  19 17  91  18 26  A
 2032 Mar  11 21 25   Thur
                    1 Fri  Mar  12  18 12  267   20 47  10 268  -1 -4.7 12  19 09  57  18 37  A
 2032 Apr  10 07 39   Sat 
                    0 Sat  Apr  10  18 34  281   10 55   4 280   0 -4.0  6  19 01  26  18 46  F
                    1 Sun  Apr  11  18 35  281   34 56  17 277   5 -5.4 19  20 05  90  19 15  A
 2032 May   9 18 36   Sun 
                    0 Sun  May   9  18 57  292    0 21  -2 291   1 -3.4  1  18 51  -6  18 54  F
                    1 Mon  May  10  18 58  292   24 22   9 286   7 -4.8 13  19 51  53  19 21  B
 2032 June  8 06 32   Tues
                    0 Tues June  8  19 17  299   12 45   1 292   7 -4.2  7  19 29  12  19 23  F
                    1 Wed  June  9  19 18  299   36 46  10 285  14 -5.4 18  20 17  60  19 44  A
 2032 July  7 19 41   Wed 
                    1 Thur July  8  19 21  298   23 40   2 287  11 -4.7 12  19 38  17  19 29  F
                    2 Fri  July  9  19 21  298   47 40  10 278  20 -5.8 23  20 15  54  19 45  A
 2032 Aug   6 10 11   Fri 
                    0 Fri  Aug   6  19 03  291    8 52  -3 285   6 -4.0  6  18 51 -12  18 57  F
                    1 Sat  Aug   7  19 02  290   32 51   3 276  15 -5.1 16  19 23  21  19 11  F
                    2 Sun  Aug   8  19 01  290   56 50  10 267  23 -6.2 26  19 54  54  19 25  A
 2032 Sept  5 01 57   Sun 
                    0 Sun  Sept  5  18 26  278   16 29   0 270   8 -4.3  8  18 28   2  18 27  F
                    1 Mon  Sept  6  18 25  278   40 28   6 261  17 -5.4 19  18 59  34  18 40  B
 2032 Oct   4 18 26   Mon 
                    1 Tues Oct   5  17 45  264   23 19   4 255   9 -4.6 11  18 07  22  17 54  F
                    2 Wed  Oct   6  17 43  264   47 17  10 245  19 -5.8 22  18 43  60  18 10  A
 2032 Nov   3 10 45   Wed 
                    0 Wed  Nov   3  17 11  252    6 26   1 250   2 -3.7  3  17 21  10  17 15  F
                    1 Thur Nov   4  17 10  252   30 25   9 241  11 -5.0 15  18 04  54  17 34  A
 2032 Dec   3 01 53   Fri 
                    0 Fri  Dec   3  16 56  243   15 03   7 241   3 -4.3  9  17 37  41  17 14  D
                    1 Sat  Dec   4  16 56  243   39 03  16 232  11 -5.7 21  18 35  99  17 40  A
 2033 Jan   1 15 17   Sat 
                    0 Sat  Jan   1  17 07  242    1 50   2 246  -4 -3.9  5  17 21  14  17 13  F
                    1 Sun  Jan   2  17 08  243   25 51  13 239   3 -5.1 15  18 26  78  17 42  A
 2033 Jan  31 03 00   Mon 
                    0 Mon  Jan  31  17 35  250   14 35   8 251  -1 -4.4 10  18 20  45  17 55  C
                    1 Tues Feb   1  17 36  250   38 36  21 246   4 -5.8 23  19 30 114  18 27  A
 2033 Mar   1 13 23   Tues
                    0 Tues Mar   1  18 02  262    4 39   2 264  -3 -3.8  4  18 14  12  18 08  F
                    1 Wed  Mar   2  18 03  262   28 40  15 261   2 -5.3 17  19 25  82  18 39  A
 2033 Mar  30 22 52   Wed 
                    1 Thur Mar  31  18 26  276   19 34   9 273   2 -4.7 12  19 19  53  18 50  B
                    2 Fri  Apr   1  18 27  276   43 35  23 269   7 -6.1 26  20 28 121  19 21  A
 2033 Apr  29 07 46   Fri 
                    0 Fri  Apr  29  18 49  288   11 03   4 284   4 -4.1  7  19 12  23  18 59  F
                    1 Sat  Apr  30  18 50  289   35 04  16 279  10 -5.6 20  20 18  88  19 29  A
 2033 May  28 16 36   Sat 
                    0 Sat  May  28  19 11  297    2 35  -2 293   4 -3.8  4  19 02  -9  19 07  F
                    1 Sun  May  29  19 11  297   26 35   9 286  11 -5.1 15  20 02  50  19 34  B
 2033 June 27 02 07   Mon 
                    0 Mon  June 27  19 22  299   17 15   2 290  10 -4.5 10  19 36  13  19 28  F
                    1 Tues June 28  19 22  299   41 15  11 281  18 -5.7 22  20 21  59  19 49  A
 2033 July 26 13 12   Tues
                    0 Tues July 26  19 12  294    6 00  -4 289   5 -3.9  6  18 58 -14  19 06  F
                    1 Wed  July 27  19 12  294   30 00   4 280  14 -5.1 15  19 37  25  19 23  E
                    2 Thur July 28  19 11  294   53 59  11 271  23 -6.2 26  20 12  61  19 38  A
 2033 Aug  25 02 40   Thur
                    0 Thur Aug  25  18 41  283   16 01   0 276   8 -4.2  8  18 46   4  18 43  F
                    1 Fri  Aug  26  18 40  283   40 00   7 266  17 -5.4 19  19 18  38  18 57  B
 2033 Sept 23 18 40   Fri 
                    1 Sat  Sept 24  18 00  270   23 20   4 261   9 -4.5 11  18 24  23  18 11  F
                    2 Sun  Sept 25  17 59  269   47 19  10 252  18 -5.7 21  18 56  58  18 24  A
 2033 Oct  23 12 28   Sun 
                    0 Sun  Oct  23  17 22  256    4 54   1 256   1 -3.6  3  17 32   9  17 26  F
                    1 Mon  Oct  24  17 21  256   28 53   8 247   9 -4.9 13  18 08  47  17 42  B
 2033 Nov  22 06 39   Tues
                    0 Tues Nov  22  16 58  246   10 19   5 245   1 -4.0  6  17 27  29  17 11  F
                    1 Wed  Nov  23  16 58  246   34 19  12 237   9 -5.2 17  18 13  75  17 31  A
 2033 Dec  21 23 46   Wed 
                    1 Thur Dec  22  17 00  242   17 14   8 241   1 -4.5 10  17 50  49  17 22  C
                    2 Fri  Dec  23  17 01  242   41 15  18 233   9 -5.7 21  18 47 106  17 48  A
 2034 Jan  20 15 01   Fri 
                    0 Fri  Jan  20  17 24  246    2 23   1 250  -4 -3.8  5  17 35  11  17 29  F
                    1 Sat  Jan  21  17 25  246   26 24  12 244   2 -5.0 14  18 37  72  17 57  A
 2034 Feb  19 04 10   Sun 
                    0 Sun  Feb  19  17 53  257   13 43   6 257   0 -4.2  8  18 29  36  18 09  E
                    1 Mon  Feb  20  17 54  257   37 44  19 253   4 -5.7 21  19 35 101  18 39  A
 2034 Mar  20 15 14   Mon 
                    0 Mon  Mar  20  18 18  271    3 04   0 270   0 -3.5  2  18 21   4  18 19  F
                    1 Tues Mar  21  18 18  271   27 04  13 267   4 -5.1 16  19 30  72  18 50  A
 2034 Apr  19 00 26   Wed 
                    0 Wed  Apr  19  18 41  284   18 15   8 278   6 -4.6 11  19 26  45  19 01  B
                    1 Thur Apr  20  18 42  285   42 16  21 274  11 -6.1 25  20 35 114  19 32  A
 2034 May  18 08 12   Thur
                    0 Thur May  18  19 04  295   10 52   2 288   7 -4.2  8  19 20  16  19 11  F
                    1 Fri  May  19  19 04  295   34 52  15 281  13 -5.7 21  20 26  82  19 41  A
 2034 June 16 15 26   Fri 
                    0 Fri  June 16  19 20  299    3 54  -3 294   5 -3.9  5  19 08 -12  19 15  F
                    1 Sat  June 17  19 21  299   27 55   8 286  14 -5.2 17  20 07  47  19 41  B
 2034 July 15 23 15   Sat 
                    1 Sun  July 16  19 19  297   20 04   3 286  11 -4.7 12  19 37  18  19 27  F
                    2 Mon  July 17  19 18  297   44 03  12 276  20 -6.0 24  20 21  63  19 46  A
 2034 Aug  14 08 53   Mon 
                    0 Mon  Aug  14  18 55  288   10 02  -1 282   6 -4.0  6  18 55   0  18 55  F
                    1 Tues Aug  15  18 54  288   34 01   7 272  15 -5.3 17  19 33  40  19 11  B
 2034 Sept 12 21 14   Tues
                    1 Wed  Sept 13  18 16  275   21 02   4 267   8 -4.5 10  18 41  25  18 27  F
                    2 Thur Sept 14  18 15  275   45 01  11 257  18 -5.7 22  19 15  60  18 41  A
 2034 Oct  12 12 33   Thur
                    0 Thur Oct  12  17 36  261    5 03   2 261   1 -3.7  3  17 48  12  17 41  F
                    1 Fri  Oct  13  17 35  261   29 02   8 252   9 -4.9 14  18 22  47  17 56  B
 2034 Nov  11 06 16   Sat 
                    0 Sat  Nov  11  17 05  249   10 49   5 248   1 -4.1  7  17 34  30  17 18  F
                    1 Sun  Nov  12  17 04  249   34 48  12 240   9 -5.2 16  18 14  70  17 35  A
 2034 Dec  11 01 14   Mon 
                    0 Mon  Dec  11  16 56  242   15 42   7 241   1 -4.3  9  17 39  43  17 15  D
                    1 Tues Dec  12  16 57  242   39 43  15 234   9 -5.4 19  18 27  91  17 37  A
 2035 Jan   9 20 03   Tues
                    1 Wed  Jan  10  17 14  244   21 11   9 242   2 -4.5 11  18 07  53  17 37  B
                    2 Thur Jan  11  17 15  244   45 12  18 236   8 -5.7 22  19 02 107  18 03  A
 2035 Feb   8 13 22   Thur
                    0 Thur Feb   8  17 42  252    4 20   1 254  -1 -3.6  3  17 51   9  17 46  F
                    1 Fri  Feb   9  17 43  253   28 21  12 250   3 -4.9 14  18 50  67  18 13  A
 2035 Mar  10 04 09   Sat 
                    0 Sat  Mar  10  18 09  266   14 00   5 263   3 -4.2  7  18 40  30  18 23  F
                    1 Sun  Mar  11  18 10  266   38 01  17 260   6 -5.6 20  19 43  93  18 51  A
 2035 Apr   8 15 58   Sun 
                    0 Sun  Apr   8  18 32  279    2 34  -1 276   3 -3.7  3  18 31  -1  18 32  F
                    1 Mon  Apr   9  18 33  280   26 35  12 273   7 -5.1 15  19 38  65  19 02  A
 2035 May   8 01 04   Tues
                    0 Tues May   8  18 56  292   17 52   6 283   8 -4.7 12  19 33  37  19 12  D
                    1 Wed  May   9  18 56  292   41 52  19 278  14 -6.1 25  20 41 105  19 43  A
 2035 June  6 08 21   Wed 
                    0 Wed  June  6  19 16  298   10 55   1 291   8 -4.3  8  19 26  10  19 20  F
                    1 Thur June  7  19 16  299   34 55  13 283  15 -5.7 21  20 31  74  19 49  A
 2035 July  5 14 59   Thur
                    0 Thur July  5  19 22  299    4 23  -3 294   5 -3.9  5  19 12 -10  19 17  F
                    1 Fri  July  6  19 22  298   28 23   8 285  14 -5.2 17  20 08  46  19 42  B
 2035 Aug   3 22 12   Fri 
                    1 Sat  Aug   4  19 05  292   20 53   5 281  10 -4.7 12  19 33  28  19 18  F
                    2 Sun  Aug   5  19 04  291   44 52  13 271  20 -6.1 25  20 16  71  19 36  A
 2035 Sept  2 06 59   Sun 
                    0 Sun  Sept  2  18 32  280   11 33   2 275   5 -4.1  6  18 48  16  18 39  F
                    1 Mon  Sept  3  18 30  280   35 31  10 265  15 -5.5 19  19 26  56  18 55  A
 2035 Oct   1 18 07   Mon 
                    1 Tues Oct   2  17 50  266   23 43   8 258   8 -4.8 13  18 33  44  18 09  B
 2035 Oct  31 07 59   Wed 
                    0 Wed  Oct  31  17 14  253    9 15   5 252   1 -4.1  7  17 43  28  17 27  F
                    1 Thur Nov   1  17 13  253   33 14  12 243  10 -5.2 17  18 20  67  17 43  A
 2035 Nov  30 00 37   Fri 
                    0 Fri  Nov  30  16 56  244   16 19   7 242   2 -4.4  9  17 39  43  17 15  D
                    1 Sat  Dec   1  16 56  244   40 19  14 234  10 -5.5 19  18 23  87  17 35  A
 2035 Dec  29 19 31   Sat 
                    1 Sun  Dec  30  17 05  242   21 34   8 239   3 -4.5 10  17 55  50  17 27  C
                    2 Mon  Dec  31  17 06  242   45 35  17 233  10 -5.6 21  18 47 101  17 51  A
 2036 Jan  28 15 17   Mon 
                    0 Mon  Jan  28  17 31  248    2 14   0 249  -1 -3.5  2  17 34   3  17 33  F
                    1 Tues Jan  29  17 32  249   26 15  10 245   4 -4.7 12  18 28  56  17 57  B

