 year  h   cd conj  f wk   mon  day  set   Saz    age  Alt Maz  dz  Mag El  mset  lag   best  cat
 2025 Jan  29 17 36   Wed 
                    0 Wed  Jan  29  17 41  249    0 05  -3 245   4 -3.7  4  17 28 -13  17 36  F
                    1 Thur Jan  30  17 42  249   24 06  10 242   7 -4.9 13  18 39  57  18 08  A
 2025 Feb  28 05 45   Fri 
                    0 Fri  Feb  28  18 09  261   12 24   5 259   2 -4.1  7  18 38  29  18 22  F
                    1 Sat  Mar   1  18 10  262   36 25  19 258   4 -5.6 21  19 49  99  18 54  A
 2025 Mar  29 15 58   Sat 
                    0 Sat  Mar  29  18 32  275    2 34   0 276  -1 -3.5  2  18 36   4  18 34  F
                    1 Sun  Mar  30  18 33  275   26 35  14 275   1 -5.1 16  19 49  77  19 07  A
 2025 Apr  28 00 31   Mon 
                    0 Mon  Apr  28  18 55  288   18 24  10 289  -1 -4.7 12  19 54  59  19 21  A
 2025 May  27 08 02   Tues
                    0 Tues May  27  19 17  297   11 15   6 298  -1 -4.3  8  19 59  42  19 35  E
                    1 Wed  May  28  19 17  297   35 15  19 292   5 -5.7 21  21 09 111  20 07  A
 2025 June 25 15 32   Wed 
                    0 Wed  June 25  19 29  299    3 57   3 302  -2 -3.9  5  19 52  23  19 39  F
                    1 Thur June 26  19 29  299   27 57  13 292   7 -5.2 16  20 46  77  20 03  A
 2025 July 25 00 11   Fri 
                    0 Fri  July 25  19 20  294   19 09   7 289   6 -4.5 11  20 02  42  19 39  C
                    1 Sat  July 26  19 19  294   43 08  14 278  16 -5.8 23  20 34  75  19 53  A
 2025 Aug  23 11 07   Sat 
                    0 Sat  Aug  23  18 51  284    7 44   1 282   2 -3.8  4  19 03  11  18 56  F
                    1 Sun  Aug  24  18 50  284   31 43   7 271  13 -5.1 16  19 29  39  19 07  B
 2025 Sept 22 00 54   Mon 
                    0 Mon  Sept 22  18 11  271   17 17   1 263   8 -4.3  8  18 20  10  18 15  F
                    1 Tues Sept 23  18 09  270   41 15   6 252  18 -5.5 19  18 45  35  18 25  B
 2025 Oct  21 17 25   Tues
                    0 Tues Oct  21  17 33  257    0 08  -4 255   2 -3.7  3  17 14 -19  17 24  F
                    1 Wed  Oct  22  17 31  257   24 06   1 246  11 -4.7 12  17 42  10  17 36  F
                    2 Thur Oct  23  17 30  257   48 05   7 236  21 -5.8 22  18 14  43  17 49  A
 2025 Nov  20 11 47   Thur
                    0 Thur Nov  20  17 07  246    5 20  -4 241   5 -3.9  5  16 50 -17  17 00  F
                    1 Fri  Nov  21  17 07  246   29 20   3 233  13 -4.9 14  17 32  25  17 18  F
                    2 Sat  Nov  22  17 07  246   53 20  10 224  22 -6.0 25  18 19  73  17 39  A
 2025 Dec  20 06 43   Sat 
                    0 Sat  Dec  20  17 08  242   10 25  -1 235   7 -4.1  7  17 08   0  17 08  F
                    1 Sun  Dec  21  17 08  242   34 25   8 229  13 -5.2 16  18 06  57  17 34  A
 2026 Jan  19 00 52   Mon 
                    0 Mon  Jan  19  17 31  246   16 39   4 240   6 -4.3  8  18 01  30  17 44  F
                    1 Tues Jan  20  17 32  246   40 40  16 236  10 -5.5 20  19 04  92  18 13  A
 2026 Feb  17 17 01   Tues
                    0 Tues Feb  17  17 59  256    0 58  -2 255   1 -3.4  1  17 55  -4  17 58  F
                    1 Wed  Feb  18  18 00  257   24 59  11 254   3 -4.8 13  19 00  59  18 26  A
 2026 Mar  19 06 23   Thur
                    0 Thur Mar  19  18 24  270   12 01   5 271  -1 -4.1  7  18 54  30  18 37  F
                    1 Fri  Mar  20  18 25  271   36 02  18 270   0 -5.6 20  20 02  97  19 08  A
 2026 Apr  17 16 52   Fri 
                    0 Fri  Apr  17  18 46  283    1 54   0 287  -4 -3.8  4  18 52   5  18 49  F
                    1 Sat  Apr  18  18 47  284   25 55  14 285  -1 -5.1 16  20 06  79  19 22  A
 2026 May  17 01 01   Sun 
                    0 Sun  May  17  19 10  294   18 09  10 295   0 -4.7 12  20 12  63  19 37  A
 2026 June 15 07 54   Mon 
                    0 Mon  June 15  19 26  299   11 32   6 299   0 -4.3  8  20 09  42  19 45  E
                    1 Tues June 16  19 27  299   35 33  17 289  10 -5.7 21  21 08 101  20 12  A
 2026 July 14 14 44   Tues
                    0 Tues July 14  19 26  297    4 42   2 297   0 -3.8  4  19 44  17  19 34  F
                    1 Wed  July 15  19 26  297   28 42  11 286  11 -5.2 17  20 27  61  19 53  A
 2026 Aug  12 22 37   Wed 
                    1 Thur Aug  13  19 03  288   20 26   5 279   9 -4.6 11  19 31  27  19 15  F
                    2 Fri  Aug  14  19 02  288   44 25  11 267  21 -6.0 24  20 00  58  19 28  A
 2026 Sept 11 08 27   Fri 
                    0 Fri  Sept 11  18 26  276    9 59  -1 270   6 -4.0  6  18 27   0  18 26  F
                    1 Sat  Sept 12  18 25  275   33 58   5 259  17 -5.4 18  18 54  29  18 38  C
                    2 Sun  Sept 13  18 24  275   57 57  10 247  28 -6.5 30  19 22  58  18 49  A
 2026 Oct  10 20 50   Sat 
                    1 Sun  Oct  11  17 45  262   20 55   0 251  11 -4.6 11  17 51   6  17 48  F
                    2 Mon  Oct  12  17 44  261   44 54   6 240  21 -5.8 23  18 22  38  18 01  A
 2026 Nov   9 12 02   Mon 
                    0 Mon  Nov   9  17 14  250    5 12  -4 245   5 -4.0  6  16 56 -18  17 06  F
                    1 Tues Nov  10  17 14  250   29 12   3 236  14 -5.0 15  17 35  21  17 23  F
                    2 Wed  Nov  11  17 13  249   53 11  10 227  23 -6.1 25  18 19  66  17 42  A
 2026 Dec   9 05 52   Wed 
                    0 Wed  Dec   9  17 04  243   11 12  -1 236   7 -4.1  7  17 04  -1  17 04  F
                    1 Thur Dec  10  17 05  243   35 13   8 229  14 -5.2 16  17 57  52  17 28  B
 2027 Jan   8 01 24   Fri 
                    0 Fri  Jan   8  17 21  243   15 57   3 238   5 -4.2  8  17 45  25  17 32  F
                    1 Sat  Jan   9  17 22  244   39 58  13 234  10 -5.4 18  18 44  82  17 58  A
 2027 Feb   6 20 56   Sat 
                    1 Sun  Feb   7  17 50  252   20 54   8 250   2 -4.4 10  18 34  44  18 09  C
                    2 Mon  Feb   8  17 50  252   44 54  19 248   4 -5.7 21  19 32 101  18 36  A
 2027 Mar   8 14 29   Mon 
                    0 Mon  Mar   8  18 15  265    3 46   1 267  -2 -3.7  3  18 22   7  18 18  F
                    1 Tues Mar   9  18 16  265   27 47  12 266  -1 -4.9 14  19 22  65  18 45  A
 2027 Apr   7 04 51   Wed 
                    0 Wed  Apr   7  18 39  279   13 48   6 282  -3 -4.3  8  19 15  36  18 55  E
                    1 Thur Apr   8  18 39  279   37 48  19 280  -1 -5.6 20  20 22 102  19 25  A
 2027 May   6 15 59   Thur
                    0 Thur May   6  19 01  291    3 02   1 295  -4 -3.9  5  19 14  13  19 07  F
                    1 Fri  May   7  19 02  291   27 03  14 291   0 -5.1 16  20 24  83  19 38  A
 2027 June  5 00 40   Sat 
                    0 Sat  June  5  19 22  298   18 42   9 296   2 -4.6 11  20 21  59  19 48  B
                    1 Sun  June  6  19 22  298   42 42  21 287  11 -6.0 25  21 20 118  20 15  A
 2027 July  4 08 02   Sun 
                    0 Sun  July  4  19 29  299   11 27   4 295   3 -4.1  7  19 59  30  19 42  F
                    1 Mon  July  5  19 29  298   35 27  14 284  14 -5.7 21  20 45  76  20 03  A
 2027 Aug   2 15 05   Mon 
                    0 Mon  Aug   2  19 14  292    4 09   0 290   2 -3.6  2  19 16   2  19 15  F
                    1 Tues Aug   3  19 13  292   28 08   7 278  14 -5.2 17  19 53  40  19 31  B
 2027 Aug  31 22 41   Tues
                    1 Wed  Sept  1  18 40  281   19 59   2 269  12 -4.7 12  18 53  13  18 46  F
                    2 Thur Sept  2  18 39  280   43 58   8 256  24 -6.1 26  19 24  45  18 59  A
 2027 Sept 30 07 36   Thur
                    0 Thur Sept 30  18 00  267   10 24  -2 260   7 -4.2  7  17 52  -8  17 56  F
                    1 Fri  Oct   1  17 59  267   34 23   4 248  19 -5.5 20  18 25  26  18 10  C
                    2 Sat  Oct   2  17 57  266   58 21  11 236  30 -6.7 32  19 02  64  18 26  A
 2027 Oct  29 18 37   Fri 
                    1 Sat  Oct  30  17 23  254   22 46   1 241  13 -4.8 13  17 35  12  17 29  F
                    2 Sun  Oct  31  17 22  253   46 45   9 231  23 -6.0 25  18 19  57  17 48  A
 2027 Nov  28 08 24   Sun 
                    0 Sun  Nov  28  17 05  245    8 41  -2 239   6 -4.0  6  16 59  -6  17 02  F
                    1 Mon  Nov  29  17 05  244   32 41   7 230  14 -5.2 16  17 52  48  17 26  B
 2027 Dec  28 01 12   Tues
                    0 Tues Dec  28  17 12  242   16 00   3 237   6 -4.2  8  17 38  25  17 23  F
                    1 Wed  Dec  29  17 13  242   40 01  13 231  11 -5.4 19  18 37  84  17 50  A
 2028 Jan  26 20 12   Wed 
                    1 Thur Jan  27  17 38  248   21 26   8 246   2 -4.4 10  18 25  46  17 59  C
                    2 Fri  Jan  28  17 39  248   45 27  18 243   5 -5.6 21  19 21 101  18 24  A
 2028 Feb  25 15 37   Fri 
                    0 Fri  Feb  25  18 06  260    2 29   0 262  -3 -3.7  3  18 10   4  18 08  F
                    1 Sat  Feb  26  18 07  260   26 30  11 261  -1 -4.8 13  19 05  58  18 33  A
 2028 Mar  26 09 31   Sun 
                    0 Sun  Mar  26  18 30  274    8 59   3 278  -4 -4.0  6  18 51  21  18 39  F
                    1 Mon  Mar  27  18 31  274   33 00  14 276  -2 -5.2 16  19 48  78  19 05  A
 2028 Apr  25 00 47   Tues
                    0 Tues Apr  25  18 53  287   18 06   8 289  -2 -4.5 10  19 41  48  19 14  C
                    1 Wed  Apr  26  18 54  287   42 07  19 286   2 -5.7 21  20 44 110  19 43  A
 2028 May  24 13 16   Wed 
                    0 Wed  May  24  19 15  296    5 59   3 298  -2 -3.9  5  19 35  20  19 24  F
                    1 Thur May  25  19 16  296   30 00  13 292   5 -5.1 16  20 36  80  19 51  A
 2028 June 22 23 27   Thur
                    1 Fri  June 23  19 29  299   20 02   7 293   6 -4.6 11  20 13  45  19 49  C
                    2 Sat  June 24  19 29  299   44 02  16 283  16 -6.0 24  20 59  91  20 09  A
 2028 July 22 08 02   Sat 
                    0 Sat  July 22  19 22  295   11 20   1 289   6 -4.1  7  19 34  12  19 27  F
                    1 Sun  July 23  19 21  295   35 19   9 278  17 -5.6 20  20 12  51  19 44  A
 2028 Aug  20 15 44   Sun 
                    0 Sun  Aug  20  18 54  285    3 10  -3 282   3 -3.7  4  18 42 -13  18 49  F
                    1 Mon  Aug  21  18 53  285   27 09   4 269  16 -5.2 17  19 16  23  19 03  D
                    2 Tues Aug  22  18 52  284   51 08  11 256  28 -6.6 31  19 50  58  19 18  A
 2028 Sept 18 23 24   Mon 
                    1 Tues Sept 19  18 14  272   18 50   0 260  12 -4.7 12  18 19   4  18 16  F
                    2 Wed  Sept 20  18 13  271   42 49   7 247  24 -6.1 26  18 55  42  18 32  A
 2028 Oct  18 07 57   Wed 
                    0 Wed  Oct  18  17 36  259    9 39  -3 251   7 -4.2  7  17 26 -10  17 31  F
                    1 Thur Oct  19  17 35  258   33 38   5 239  19 -5.6 20  18 09  35  17 50  B
 2028 Nov  16 18 18   Thur
                    1 Fri  Nov  17  17 09  247   22 51   4 236  12 -4.8 13  17 37  29  17 22  F
                    2 Sat  Nov  18  17 08  247   46 50  13 226  21 -6.1 26  18 36  88  17 47  A
 2028 Dec  16 07 06   Sat 
                    0 Sat  Dec  16  17 06  242   10 00   1 238   4 -3.9  5  17 20  14  17 12  F
                    1 Sun  Dec  17  17 07  242   34 01  12 231  11 -5.3 18  18 23  76  17 41  A
 2029 Jan  14 22 24   Sun 
                    1 Mon  Jan  15  17 28  245   19 04   7 243   2 -4.4 10  18 13  46  17 48  C
                    2 Tues Jan  16  17 28  245   43 04  18 239   6 -5.7 21  19 13 105  18 15  A
 2029 Feb  13 15 31   Tues
                    0 Tues Feb  13  17 56  255    2 25   0 258  -3 -3.7  4  18 01   6  17 58  F
                    1 Wed  Feb  14  17 57  255   26 26  11 256  -1 -4.8 13  18 58  61  18 24  A
 2029 Mar  15 09 19   Thur
                    0 Thur Mar  15  18 21  268    9 02   3 272  -4 -4.1  6  18 42  20  18 30  F
                    1 Fri  Mar  16  18 22  269   33 03  14 271  -2 -5.1 16  19 36  74  18 55  A
 2029 Apr  14 02 40   Sat 
                    0 Sat  Apr  14  18 44  282   16 04   6 285  -3 -4.3  9  19 22  38  19 01  E
                    1 Sun  Apr  15  18 45  283   40 05  17 282   0 -5.4 19  20 19  94  19 27  A
 2029 May  13 18 42   Sun 
                    0 Sun  May  13  19 07  293    0 25   0 296  -3 -3.7  3  19 10   3  19 08  F
                    1 Mon  May  14  19 07  293   24 25  10 292   2 -4.7 12  20 06  59  19 34  B
 2029 June 12 08 50   Tues
                    0 Tues June 12  19 25  299   10 35   3 297   2 -3.9  5  19 46  21  19 35  F
                    1 Wed  June 13  19 26  299   34 36  12 289  10 -5.2 17  20 34  68  19 56  A
 2029 July 11 20 51   Wed 
                    1 Thur July 12  19 27  297   22 36   5 287  10 -4.7 12  19 55  28  19 39  F
                    2 Fri  July 13  19 26  297   46 35  12 277  20 -6.0 25  20 32  65  19 55  A
 2029 Aug  10 06 56   Fri 
                    0 Fri  Aug  10  19 06  289   12 10  -1 281   8 -4.2  8  19 05  -1  19 05  F
                    1 Sat  Aug  11  19 05  289   36 09   6 270  19 -5.6 21  19 39  34  19 20  B
 2029 Sept  8 15 44   Sat 
                    0 Sat  Sept  8  18 30  277    2 46  -5 273   4 -3.9  5  18 09 -21  18 21  F
                    1 Sun  Sept  9  18 29  277   26 45   2 261  16 -5.2 16  18 44  15  18 36  F
                    2 Mon  Sept 10  18 27  276   50 43  10 248  28 -6.5 30  19 21  54  18 51  A
 2029 Oct   8 00 14   Mon 
                    0 Mon  Oct   8  17 49  263   17 35   0 252  11 -4.6 11  17 54   5  17 51  F
                    1 Tues Oct   9  17 47  263   41 33   8 240  23 -6.0 25  18 38  51  18 10  A
 2029 Nov   6 09 24   Tues
                    0 Tues Nov   6  17 17  251    7 53  -2 245   6 -4.0  6  17 13  -4  17 15  F
                    1 Wed  Nov   7  17 16  251   31 52   8 234  16 -5.5 19  18 08  52  17 39  A
 2029 Dec   5 19 52   Wed 
                    1 Thur Dec   6  17 04  243   21 12   7 235   8 -4.7 12  17 51  47  17 25  B
                    2 Fri  Dec   7  17 04  243   45 12  18 226  17 -6.1 26  18 59 115  17 55  A
 2030 Jan   4 07 49   Fri 
                    0 Fri  Jan   4  17 18  243    9 29   4 242   1 -4.0  6  17 44  26  17 29  F
                    1 Sat  Jan   5  17 18  243   33 29  16 236   7 -5.4 19  18 51  93  18 00  A
 2030 Feb   2 21 07   Sat 
                    1 Sun  Feb   3  17 46  251   20 39  10 252  -1 -4.7 12  18 41  55  18 10  B
                    2 Mon  Feb   4  17 47  251   44 40  22 249   2 -5.9 23  19 42 116  18 38  A
 2030 Mar   4 11 35   Mon 
                    0 Mon  Mar   4  18 12  263    6 37   2 267  -4 -4.0  6  18 29  16  18 20  F
                    1 Tues Mar   5  18 13  263   30 38  14 265  -2 -5.1 16  19 27  74  18 46  A
 2030 Apr   3 03 02   Wed 
                    0 Wed  Apr   3  18 36  277   15 34   6 280  -3 -4.3  8  19 12  36  18 52  E
                    1 Thur Apr   4  18 37  278   39 35  17 278   0 -5.4 19  20 08  92  19 17  A
 2030 May   2 19 12   Thur
                    1 Fri  May   3  18 59  290   23 47   9 288   1 -4.6 11  19 52  54  19 23  B
 2030 June  1 11 21   Sat 
                    0 Sat  June  1  19 20  298    7 59   1 296   2 -3.7  4  19 33  13  19 25  F
                    1 Sun  June  2  19 20  298   31 59  10 290   8 -5.0 15  20 21  60  19 47  A
 2030 July  1 02 34   Mon 
                    0 Mon  July  1  19 29  299   16 55   2 292   7 -4.3  8  19 46  16  19 36  F
                    1 Tues July  2  19 29  299   40 55  10 283  16 -5.5 20  20 24  55  19 53  A
 2030 July 30 16 11   Tues
                    0 Tues July 30  19 16  293    3 05  -4 289   4 -3.8  4  19 00 -17  19 09  F
                    1 Wed  July 31  19 16  293   27 05   3 279  13 -4.9 14  19 34  18  19 24  F
                    2 Thur Aug   1  19 15  292   51 04  10 269  23 -6.1 26  20 06  51  19 38  A
 2030 Aug  29 04 07   Thur
                    0 Thur Aug  29  18 44  282   14 37  -2 273   9 -4.4  9  18 39  -5  18 42  F
                    1 Fri  Aug  30  18 43  281   38 36   5 262  20 -5.6 21  19 12  30  18 56  B
 2030 Sept 27 14 55   Fri 
                    0 Fri  Sept 27  18 04  268    3 09  -5 265   4 -3.9  5  17 45 -19  17 55  F
                    1 Sat  Sept 28  18 02  268   27 07   3 253  15 -5.1 15  18 22  20  18 11  F
                    2 Sun  Sept 29  18 01  267   51 06  11 242  26 -6.4 29  19 03  62  18 29  A
 2030 Oct  27 01 17   Sun 
                    0 Sun  Oct  27  17 26  255   16 09   2 246   9 -4.4 10  17 40  14  17 32  F
                    1 Mon  Oct  28  17 25  255   40 08  11 235  20 -5.9 23  18 32  67  17 55  A
 2030 Nov  25 11 46   Mon 
                    0 Mon  Nov  25  17 06  245    5 20   0 243   2 -3.7  3  17 12   6  17 08  F
                    1 Tues Nov  26  17 05  245   29 19  11 233  12 -5.3 17  18 15  69  17 36  A
 2030 Dec  24 22 32   Tues
                    1 Wed  Dec  25  17 10  242   18 38   9 238   4 -4.6 11  18 07  56  17 35  B
                    2 Thur Dec  26  17 11  242   42 39  21 231  11 -6.1 25  19 18 127  18 08  A
 2031 Jan  23 09 31   Thur
                    0 Thur Jan  23  17 35  247    8 04   4 249  -2 -4.1  7  18 02  27  17 47  F
                    1 Fri  Jan  24  17 36  247   32 05  17 245   2 -5.5 19  19 11  96  18 18  A
 2031 Feb  21 20 49   Fri 
                    1 Sat  Feb  22  18 04  258   21 15  11 260  -2 -4.8 13  19 02  58  18 29  A
 2031 Mar  23 08 49   Sun 
                    0 Sun  Mar  23  18 27  272    9 38   4 275  -3 -4.1  6  18 51  24  18 38  F
                    1 Mon  Mar  24  18 28  272   33 39  16 272   0 -5.3 18  19 53  84  19 06  A
 2031 Apr  21 21 57   Mon 
                    1 Tues Apr  22  18 50  285   20 53   8 284   1 -4.5 10  19 39  49  19 12  B
                    2 Wed  Apr  23  18 51  286   44 54  19 280   6 -5.7 22  20 36 105  19 37  A
 2031 May  21 12 17   Wed 
                    0 Wed  May  21  19 12  295    6 55   1 293   2 -3.7  3  19 22  10  19 17  F
                    1 Thur May  22  19 13  296   30 56  10 288   8 -5.0 14  20 14  61  19 40  A
 2031 June 20 03 25   Fri 
                    0 Fri  June 20  19 28  299   16 03   2 292   7 -4.2  8  19 43  15  19 35  F
                    1 Sat  June 21  19 28  299   40 03  10 285  15 -5.4 19  20 24  56  19 53  A
 2031 July 19 18 40   Sat 
                    0 Sat  July 19  19 24  296    0 44  -5 293   3 -3.8  4  19 03 -21  19 15  F
                    1 Sun  July 20  19 23  296   24 43   2 284  12 -4.7 12  19 38  15  19 30  F
                    2 Mon  July 21  19 23  296   48 43   9 275  20 -5.8 23  20 11  48  19 44  A
 2031 Aug  18 09 32   Mon 
                    0 Mon  Aug  18  18 58  286    9 26  -3 280   6 -4.1  7  18 45 -12  18 52  F
                    1 Tues Aug  19  18 57  286   33 25   3 270  16 -5.2 16  19 17  20  19 05  F
                    2 Wed  Aug  20  18 55  286   57 23  10 261  25 -6.3 27  19 48  53  19 19  A
 2031 Sept 16 23 47   Tues
                    1 Wed  Sept 17  18 18  273   18 31   0 264  10 -4.5 10  18 22   4  18 20  F
                    2 Thur Sept 18  18 17  273   42 30   7 253  19 -5.7 21  18 56  40  18 34  A
 2031 Oct  16 13 21   Thur
                    0 Thur Oct  16  17 39  260    4 18  -2 257   3 -3.6  3  17 31  -8  17 36  F
                    1 Fri  Oct  17  17 38  259   28 17   6 247  13 -5.0 15  18 12  34  17 53  C
                    2 Sat  Oct  18  17 37  259   52 16  13 236  23 -6.3 27  18 57  81  18 13  A
 2031 Nov  15 02 10   Sat 
                    0 Sat  Nov  15  17 10  248   15 00   4 242   6 -4.3  8  17 39  28  17 23  F
                    1 Sun  Nov  16  17 10  248   39 00  14 232  15 -5.7 22  18 35  85  17 48  A
 2031 Dec  14 14 06   Sun 
                    0 Sun  Dec  14  17 05  242    2 59   1 243  -1 -3.7  3  17 18  13  17 11  F
                    1 Mon  Dec  15  17 06  242   27 00  13 235   7 -5.2 16  18 24  78  17 41  A
 2032 Jan  13 01 07   Tues
                    0 Tues Jan  13  17 25  244   16 18   9 244   0 -4.6 11  18 19  54  17 49  B
                    1 Wed  Jan  14  17 26  245   40 19  22 238   6 -6.0 24  19 30 124  18 21  A
 2032 Feb  11 11 24   Wed 
                    0 Wed  Feb  11  17 53  254    6 29   3 257  -4 -4.0  6  18 14  21  18 02  F
                    1 Thur Feb  12  17 54  254   30 30  17 253   1 -5.4 19  19 25  91  18 34  A
 2032 Mar  11 21 25   Thur
                    1 Fri  Mar  12  18 19  267   20 54  11 268  -1 -4.7 12  19 17  58  18 45  A
 2032 Apr  10 07 39   Sat 
                    0 Sat  Apr  10  18 41  281   11 02   4 280   0 -4.0  6  19 08  27  18 53  F
                    1 Sun  Apr  11  18 42  281   35 03  17 277   4 -5.5 19  20 12  90  19 22  A
 2032 May   9 18 36   Sun 
                    0 Sun  May   9  19 04  292    0 28  -2 291   1 -3.4  1  18 58  -6  19 01  F
                    1 Mon  May  10  19 05  292   24 29   9 286   7 -4.8 13  19 58  53  19 28  B
 2032 June  8 06 32   Tues
                    0 Tues June  8  19 24  299   12 52   2 292   7 -4.2  7  19 36  13  19 29  F
                    1 Wed  June  9  19 24  299   36 52  11 285  14 -5.4 18  20 24  60  19 51  A
 2032 July  7 19 41   Wed 
                    1 Thur July  8  19 28  298   23 47   3 287  11 -4.7 12  19 46  18  19 36  F
                    2 Fri  July  9  19 28  298   47 47  10 278  20 -5.8 23  20 22  55  19 52  A
 2032 Aug   6 10 11   Fri 
                    0 Fri  Aug   6  19 10  291    8 59  -3 284   6 -4.0  6  18 58 -12  19 04  F
                    1 Sat  Aug   7  19 09  290   32 58   4 276  15 -5.1 16  19 31  22  19 18  F
                    2 Sun  Aug   8  19 08  290   56 57  10 266  23 -6.2 26  20 02  54  19 32  A
 2032 Sept  5 01 57   Sun 
                    0 Sun  Sept  5  18 34  278   16 37   0 270   8 -4.3  8  18 36   2  18 35  F
                    1 Mon  Sept  6  18 32  278   40 35   6 261  17 -5.4 19  19 07  35  18 48  B
 2032 Oct   4 18 26   Mon 
                    1 Tues Oct   5  17 52  264   23 26   4 255  10 -4.6 11  18 15  23  18 02  F
                    2 Wed  Oct   6  17 51  264   47 25  11 245  19 -5.8 22  18 51  60  18 18  A
 2032 Nov   3 10 45   Wed 
                    0 Wed  Nov   3  17 19  252    6 34   1 250   2 -3.7  3  17 29  11  17 24  F
                    1 Thur Nov   4  17 18  252   30 33   9 241  11 -5.1 15  18 13  55  17 42  A
 2032 Dec   3 01 53   Fri 
                    0 Fri  Dec   3  17 04  244   15 11   7 241   3 -4.3  9  17 46  42  17 23  D
                    1 Sat  Dec   4  17 04  243   39 11  16 232  11 -5.7 21  18 43  99  17 48  A
 2033 Jan   1 15 17   Sat 
                    0 Sat  Jan   1  17 15  243    1 58   2 246  -4 -3.9  5  17 29  14  17 22  F
                    1 Sun  Jan   2  17 16  243   25 59  13 239   3 -5.1 15  18 34  78  17 51  A
 2033 Jan  31 03 00   Mon 
                    0 Mon  Jan  31  17 43  250   14 43   8 251  -1 -4.4 10  18 28  45  18 03  C
                    1 Tues Feb   1  17 44  250   38 44  21 246   4 -5.9 23  19 38 114  18 35  A
 2033 Mar   1 13 23   Tues
                    0 Tues Mar   1  18 10  262    4 47   2 264  -3 -3.8  4  18 22  12  18 15  F
                    1 Wed  Mar   2  18 11  262   28 48  15 261   2 -5.3 17  19 33  82  18 47  A
 2033 Mar  30 22 52   Wed 
                    1 Thur Mar  31  18 34  276   19 42  10 273   2 -4.7 12  19 26  53  18 57  B
                    2 Fri  Apr   1  18 34  276   43 42  23 269   7 -6.1 26  20 36 121  19 28  A
 2033 Apr  29 07 46   Fri 
                    0 Fri  Apr  29  18 56  288   11 10   4 284   4 -4.1  7  19 19  23  19 06  F
                    1 Sat  Apr  30  18 57  289   35 11  16 279  10 -5.6 20  20 25  89  19 36  A
 2033 May  28 16 36   Sat 
                    0 Sat  May  28  19 17  297    2 41  -2 293   4 -3.8  4  19 09  -8  19 14  F
                    1 Sun  May  29  19 18  297   26 42   9 286  11 -5.1 15  20 09  51  19 41  B
 2033 June 27 02 07   Mon 
                    0 Mon  June 27  19 29  299   17 22   2 289  10 -4.5 10  19 43  14  19 35  F
                    1 Tues June 28  19 29  299   41 22  11 281  18 -5.7 22  20 28  59  19 55  A
 2033 July 26 13 12   Tues
                    0 Tues July 26  19 19  294    6 07  -3 289   5 -4.0  6  19 06 -14  19 13  F
                    1 Wed  July 27  19 19  294   30 07   4 280  14 -5.1 15  19 44  26  19 30  E
                    2 Thur July 28  19 18  294   54 06  12 271  23 -6.2 26  20 20  62  19 45  A
 2033 Aug  25 02 40   Thur
                    0 Thur Aug  25  18 49  283   16 09   0 276   8 -4.2  8  18 53   5  18 51  F
                    1 Fri  Aug  26  18 47  283   40 07   7 266  16 -5.4 19  19 26  39  19 04  B
 2033 Sept 23 18 40   Fri 
                    1 Sat  Sept 24  18 08  270   23 28   4 261   9 -4.5 11  18 31  24  18 18  F
                    2 Sun  Sept 25  18 06  269   47 26  11 252  18 -5.7 21  19 04  58  18 32  A
 2033 Oct  23 12 28   Sun 
                    0 Sun  Oct  23  17 30  257    5 02   1 256   1 -3.6  3  17 40  10  17 34  F
                    1 Mon  Oct  24  17 29  256   29 01   8 247   9 -4.9 13  18 16  47  17 50  B
 2033 Nov  22 06 39   Tues
                    0 Tues Nov  22  17 07  246   10 28   5 245   1 -4.1  6  17 36  29  17 20  F
                    1 Wed  Nov  23  17 06  246   34 27  13 237   9 -5.2 17  18 22  75  17 40  A
 2033 Dec  21 23 46   Wed 
                    1 Thur Dec  22  17 09  242   17 23   8 241   1 -4.5 10  17 58  50  17 31  C
                    2 Fri  Dec  23  17 09  242   41 23  18 234   8 -5.7 21  18 55 106  17 56  A
 2034 Jan  20 15 01   Fri 
                    0 Fri  Jan  20  17 32  246    2 31   1 250  -4 -3.8  5  17 43  11  17 37  F
                    1 Sat  Jan  21  17 33  246   26 32  13 244   2 -5.0 14  18 45  72  18 05  A
 2034 Feb  19 04 10   Sun 
                    0 Sun  Feb  19  18 01  257   13 51   6 257   0 -4.2  8  18 37  36  18 17  E
                    1 Mon  Feb  20  18 02  258   37 52  19 253   4 -5.7 21  19 43 101  18 47  A
 2034 Mar  20 15 14   Mon 
                    0 Mon  Mar  20  18 25  271    3 11   0 270   0 -3.5  2  18 29   4  18 27  F
                    1 Tues Mar  21  18 26  271   27 12  13 267   4 -5.1 16  19 38  72  18 58  A
 2034 Apr  19 00 26   Wed 
                    0 Wed  Apr  19  18 48  284   18 22   8 278   6 -4.6 11  19 33  45  19 08  B
                    1 Thur Apr  20  18 49  285   42 23  21 274  11 -6.1 25  20 43 114  19 39  A
 2034 May  18 08 12   Thur
                    0 Thur May  18  19 10  295   10 58   2 288   7 -4.2  8  19 27  17  19 18  F
                    1 Fri  May  19  19 11  295   34 59  15 281  13 -5.7 21  20 33  82  19 47  A
 2034 June 16 15 26   Fri 
                    0 Fri  June 16  19 27  299    4 01  -3 294   5 -3.9  6  19 16 -11  19 22  F
                    1 Sat  June 17  19 27  299   28 01   8 286  14 -5.2 17  20 14  47  19 48  B
 2034 July 15 23 15   Sat 
                    1 Sun  July 16  19 25  297   20 10   3 286  11 -4.7 12  19 44  19  19 34  F
                    2 Mon  July 17  19 25  296   44 10  12 276  20 -6.0 24  20 28  63  19 53  A
 2034 Aug  14 08 53   Mon 
                    0 Mon  Aug  14  19 02  288   10 09  -1 282   6 -4.0  6  19 03   1  19 02  F
                    1 Tues Aug  15  19 01  287   34 08   7 272  15 -5.3 17  19 41  40  19 19  B
 2034 Sept 12 21 14   Tues
                    1 Wed  Sept 13  18 23  275   21 09   4 267   8 -4.5 10  18 49  25  18 35  F
                    2 Thur Sept 14  18 22  274   45 08  11 257  17 -5.7 22  19 22  60  18 49  A
 2034 Oct  12 12 33   Thur
                    0 Thur Oct  12  17 44  261    5 11   2 261   1 -3.7  3  17 56  12  17 49  F
                    1 Fri  Oct  13  17 42  261   29 09   9 252   9 -4.9 14  18 30  48  18 04  B
 2034 Nov  11 06 16   Sat 
                    0 Sat  Nov  11  17 13  249   10 57   5 248   1 -4.1  7  17 43  30  17 26  F
                    1 Sun  Nov  12  17 12  249   34 56  12 240   9 -5.2 17  18 22  70  17 43  A
 2034 Dec  11 01 14   Mon 
                    0 Mon  Dec  11  17 05  242   15 51   7 241   1 -4.3  9  17 48  43  17 24  D
                    1 Tues Dec  12  17 05  242   39 51  15 234   9 -5.4 19  18 36  91  17 45  A
 2035 Jan   9 20 03   Tues
                    1 Wed  Jan  10  17 22  244   21 19   9 242   2 -4.6 11  18 15  53  17 46  B
                    2 Thur Jan  11  17 23  244   45 20  19 236   8 -5.7 22  19 11 107  18 11  A
 2035 Feb   8 13 22   Thur
                    0 Thur Feb   8  17 50  252    4 28   1 254  -1 -3.6  3  18 00   9  17 55  F
                    1 Fri  Feb   9  17 51  253   28 29  12 250   3 -4.9 14  18 58  67  18 21  A
 2035 Mar  10 04 09   Sat 
                    0 Sat  Mar  10  18 17  266   14 08   5 263   3 -4.2  8  18 48  31  18 31  F
                    1 Sun  Mar  11  18 18  266   38 09  18 260   6 -5.6 20  19 51  93  18 59  A
 2035 Apr   8 15 58   Sun 
                    0 Sun  Apr   8  18 39  279    2 41  -1 276   3 -3.7  3  18 39  -1  18 39  F
                    1 Mon  Apr   9  18 40  280   26 42  12 273   7 -5.1 16  19 45  65  19 09  A
 2035 May   8 01 04   Tues
                    0 Tues May   8  19 03  291   17 59   6 283   8 -4.7 12  19 40  38  19 19  C
                    1 Wed  May   9  19 03  292   41 59  19 278  14 -6.1 25  20 48 105  19 50  A
 2035 June  6 08 21   Wed 
                    0 Wed  June  6  19 22  298   11 01   1 291   8 -4.3  8  19 33  11  19 27  F
                    1 Thur June  7  19 23  298   35 02  13 283  15 -5.7 21  20 38  75  19 56  A
 2035 July  5 14 59   Thur
                    0 Thur July  5  19 29  298    4 30  -3 294   5 -3.9  5  19 19 -10  19 24  F
                    1 Fri  July  6  19 28  298   28 29   8 284  14 -5.3 17  20 15  47  19 49  A
 2035 Aug   3 22 12   Fri 
                    1 Sat  Aug   4  19 12  291   21 00   5 281  10 -4.7 12  19 40  28  19 25  F
                    2 Sun  Aug   5  19 11  291   44 59  14 271  20 -6.1 25  20 23  72  19 43  A
 2035 Sept  2 06 59   Sun 
                    0 Sun  Sept  2  18 39  280   11 40   3 275   5 -4.1  6  18 55  17  18 46  F
                    1 Mon  Sept  3  18 37  280   35 38  11 265  15 -5.5 19  19 34  56  19 02  A
 2035 Oct   1 18 07   Mon 
                    1 Tues Oct   2  17 57  266   23 50   8 258   8 -4.8 13  18 41  44  18 17  B
 2035 Oct  31 07 59   Wed 
                    0 Wed  Oct  31  17 22  253    9 23   5 253   1 -4.1  7  17 51  29  17 35  F
                    1 Thur Nov   1  17 21  253   33 22  12 243  10 -5.2 17  18 29  67  17 51  A
 2035 Nov  30 00 37   Fri 
                    0 Fri  Nov  30  17 05  244   16 28   7 242   2 -4.4  9  17 47  43  17 24  D
                    1 Sat  Dec   1  17 04  244   40 27  14 234  10 -5.5 19  18 32  87  17 43  A
 2035 Dec  29 19 31   Sat 
                    1 Sun  Dec  30  17 13  242   21 42   8 240   3 -4.5 10  18 04  50  17 36  C
                    2 Mon  Dec  31  17 14  242   45 43  17 233   9 -5.6 21  18 55 101  17 59  A
 2036 Jan  28 15 17   Mon 
                    0 Mon  Jan  28  17 39  248    2 22   0 249  -1 -3.5  2  17 43   3  17 41  F
                    1 Tues Jan  29  17 40  249   26 23  10 245   4 -4.7 12  18 36  56  18 05  B

