 year  h   cd conj  f wk   mon  day  set   Saz    age  Alt Maz  dz  Mag El  mset  lag   best  cat
 2025 Jan  29 17 36   Wed 
                    0 Wed  Jan  29  18 06  250    0 30  -3 246   4 -3.7  4  17 57  -9  18 02  F
                    1 Thur Jan  30  18 07  250   24 31  10 244   6 -4.9 14  19 05  58  18 33  A
 2025 Feb  28 05 45   Fri 
                    0 Fri  Feb  28  18 30  262   12 45   5 260   2 -4.2  7  19 00  30  18 43  F
                    1 Sat  Mar   1  18 31  262   36 46  19 259   3 -5.7 21  20 08  97  19 14  A
 2025 Mar  29 15 58   Sat 
                    0 Sat  Mar  29  18 49  275    2 51   0 276  -1 -3.5  2  18 53   4  18 51  F
                    1 Sun  Mar  30  18 50  275   26 52  14 276  -1 -5.1 16  20 04  74  19 22  A
 2025 Apr  28 00 31   Mon 
                    0 Mon  Apr  28  19 08  287   18 37  10 289  -2 -4.7 12  20 04  56  19 33  A
 2025 May  27 08 02   Tues
                    0 Tues May  27  19 26  296   11 24   6 297  -2 -4.3  8  20 06  40  19 44  E
                    1 Wed  May  28  19 27  296   35 25  19 292   4 -5.7 21  21 15 108  20 15  A
 2025 June 25 15 32   Wed 
                    0 Wed  June 25  19 37  298    4 05   3 300  -3 -3.9  5  19 58  21  19 47  F
                    1 Thur June 26  19 37  298   28 05  13 292   6 -5.2 16  20 54  76  20 11  A
 2025 July 25 00 11   Fri 
                    0 Fri  July 25  19 30  293   19 19   8 288   5 -4.6 11  20 13  42  19 49  C
                    1 Sat  July 26  19 30  293   43 19  15 278  15 -5.8 23  20 47  78  20 04  A
 2025 Aug  23 11 07   Sat 
                    0 Sat  Aug  23  19 05  284    7 58   2 281   2 -3.8  4  19 17  12  19 10  F
                    1 Sun  Aug  24  19 04  283   31 57   8 271  12 -5.1 16  19 46  42  19 22  B
 2025 Sept 22 00 54   Mon 
                    0 Mon  Sept 22  18 29  271   17 35   2 263   8 -4.3  8  18 41  12  18 34  F
                    1 Tues Sept 23  18 27  270   41 33   7 253  17 -5.5 20  19 07  40  18 45  A
 2025 Oct  21 17 25   Tues
                    0 Tues Oct  21  17 55  258    0 30  -4 256   2 -3.7  3  17 38 -17  17 47  F
                    1 Wed  Oct  22  17 54  257   24 29   2 246  11 -4.7 12  18 08  14  18 00  F
                    2 Thur Oct  23  17 53  257   48 28   8 237  20 -5.8 22  18 42  49  18 15  A
 2025 Nov  20 11 47   Thur
                    0 Thur Nov  20  17 33  247    5 46  -3 242   5 -3.9  6  17 20 -13  17 28  F
                    1 Fri  Nov  21  17 33  247   29 46   4 234  13 -5.0 14  18 03  29  17 46  E
                    2 Sat  Nov  22  17 33  247   53 46  12 226  21 -6.0 25  18 51  78  18 08  A
 2025 Dec  20 06 43   Sat 
                    0 Sat  Dec  20  17 36  243   10 53   0 237   7 -4.1  7  17 40   4  17 37  F
                    1 Sun  Dec  21  17 36  243   34 53   9 231  12 -5.2 17  18 37  61  18 03  A
 2026 Jan  19 00 52   Mon 
                    0 Mon  Jan  19  17 57  247   17 05   5 242   5 -4.3  9  18 29  31  18 11  F
                    1 Tues Jan  20  17 58  247   41 06  16 239   9 -5.6 20  19 30  92  18 39  A
 2026 Feb  17 17 01   Tues
                    0 Tues Feb  17  18 22  257    1 21  -1 256   1 -3.4  1  18 20  -2  18 21  F
                    1 Wed  Feb  18  18 23  257   25 22  11 255   2 -4.8 13  19 21  58  18 49  A
 2026 Mar  19 06 23   Thur
                    0 Thur Mar  19  18 43  270   12 20   5 272  -2 -4.1  7  19 11  29  18 55  F
                    1 Fri  Mar  20  18 43  270   36 20  18 272  -1 -5.6 20  20 17  94  19 25  A
 2026 Apr  17 16 52   Fri 
                    0 Fri  Apr  17  19 00  283    2 08   0 287  -4 -3.8  4  19 05   5  19 03  F
                    1 Sat  Apr  18  19 01  283   26 09  14 285  -2 -5.1 16  20 17  76  19 35  A
 2026 May  17 01 01   Sun 
                    0 Sun  May  17  19 20  293   18 19  10 294  -1 -4.7 12  20 20  60  19 47  A
 2026 June 15 07 54   Mon 
                    0 Mon  June 15  19 35  298   11 41   6 298   0 -4.3  8  20 15  40  19 53  E
                    1 Tues June 16  19 35  298   35 41  18 290   8 -5.7 21  21 15 100  20 20  A
 2026 July 14 14 44   Tues
                    0 Tues July 14  19 35  296    4 51   2 296   0 -3.8  4  19 52  17  19 43  F
                    1 Wed  July 15  19 35  296   28 51  12 285  10 -5.2 17  20 38  63  20 03  A
 2026 Aug  12 22 37   Wed 
                    1 Thur Aug  13  19 16  287   20 39   5 278   9 -4.6 11  19 45  30  19 29  E
                    2 Fri  Aug  14  19 15  287   44 38  12 267  20 -6.0 25  20 17  63  19 42  A
 2026 Sept 11 08 27   Fri 
                    0 Fri  Sept 11  18 43  276   10 16   0 270   6 -4.0  6  18 45   2  18 44  F
                    1 Sat  Sept 12  18 42  275   34 15   6 259  16 -5.4 18  19 15  33  18 56  B
 2026 Oct  10 20 50   Sat 
                    1 Sun  Oct  11  18 06  262   21 16   1 251  11 -4.6 11  18 15   9  18 10  F
                    2 Mon  Oct  12  18 05  262   45 15   8 241  21 -5.8 23  18 49  44  18 25  A
 2026 Nov   9 12 02   Mon 
                    0 Mon  Nov   9  17 39  251    5 37  -4 245   5 -4.0  6  17 24 -15  17 32  F
                    1 Tues Nov  10  17 38  250   29 36   4 237  14 -5.0 15  18 05  26  17 50  E
                    2 Wed  Nov  11  17 38  250   53 36  11 228  22 -6.1 25  18 50  72  18 10  A
 2026 Dec   9 05 52   Wed 
                    0 Wed  Dec   9  17 32  244   11 40   0 237   7 -4.1  7  17 35   3  17 33  F
                    1 Thur Dec  10  17 32  244   35 40   9 231  13 -5.2 17  18 28  56  17 57  A
 2027 Jan   8 01 24   Fri 
                    0 Fri  Jan   8  17 48  245   16 24   4 239   5 -4.2  8  18 14  26  18 00  F
                    1 Sat  Jan   9  17 49  245   40 25  14 236   9 -5.4 18  19 11  83  18 25  A
 2027 Feb   6 20 56   Sat 
                    1 Sun  Feb   7  18 14  253   21 18   8 251   2 -4.5 10  18 58  44  18 33  C
                    2 Mon  Feb   8  18 14  253   45 18  19 250   3 -5.7 21  19 53  99  18 58  A
 2027 Mar   8 14 29   Mon 
                    0 Mon  Mar   8  18 35  265    4 06   1 267  -2 -3.7  3  18 42   6  18 38  F
                    1 Tues Mar   9  18 36  265   28 07  12 267  -2 -4.9 14  19 39  63  19 04  A
 2027 Apr   7 04 51   Wed 
                    0 Wed  Apr   7  18 54  278   14 03   6 282  -4 -4.3  9  19 28  34  19 09  E
                    1 Thur Apr   8  18 55  279   38 04  19 281  -2 -5.6 20  20 33  98  19 38  A
 2027 May   6 15 59   Thur
                    0 Thur May   6  19 13  290    3 14   1 294  -4 -3.9  5  19 23  11  19 17  F
                    1 Fri  May   7  19 13  290   27 14  14 291  -1 -5.1 16  20 32  79  19 48  A
 2027 June  5 00 40   Sat 
                    0 Sat  June  5  19 31  297   18 51  10 295   2 -4.6 11  20 28  57  19 56  B
                    1 Sun  June  6  19 31  297   42 51  21 288   9 -6.0 25  21 28 117  20 23  A
 2027 July  4 08 02   Sun 
                    0 Sun  July  4  19 38  297   11 36   5 295   3 -4.1  7  20 07  30  19 51  F
                    1 Mon  July  5  19 37  297   35 35  15 284  13 -5.7 21  20 56  78  20 12  A
 2027 Aug   2 15 05   Mon 
                    0 Mon  Aug   2  19 25  291    4 20   0 289   2 -3.6  3  19 29   3  19 27  F
                    1 Tues Aug   3  19 25  291   28 20   8 277  14 -5.2 17  20 08  43  19 44  A
 2027 Aug  31 22 41   Tues
                    1 Wed  Sept  1  18 55  280   20 14   3 269  11 -4.7 12  19 12  16  19 03  F
                    2 Thur Sept  2  18 54  280   44 13  10 256  23 -6.1 26  19 45  51  19 17  A
 2027 Sept 30 07 36   Thur
                    0 Thur Sept 30  18 19  267   10 43  -2 260   8 -4.2  8  18 14  -5  18 17  F
                    1 Fri  Oct   1  18 18  267   34 42   5 248  19 -5.5 20  18 50  32  18 32  B
 2027 Oct  29 18 37   Fri 
                    1 Sat  Oct  30  17 47  254   23 10   2 242  13 -4.8 13  18 03  16  17 54  F
                    2 Sun  Oct  31  17 46  254   47 09  10 232  22 -6.0 25  18 49  63  18 14  A
 2027 Nov  28 08 24   Sun 
                    0 Sun  Nov  28  17 32  246    9 08  -1 240   6 -4.0  6  17 30  -2  17 31  F
                    1 Mon  Nov  29  17 32  245   33 08   8 232  13 -5.2 17  18 23  52  17 54  A
 2027 Dec  28 01 12   Tues
                    0 Tues Dec  28  17 40  243   16 28   4 238   5 -4.2  8  18 07  27  17 52  F
                    1 Wed  Dec  29  17 40  243   40 28  14 233  10 -5.4 19  19 05  84  18 18  A
 2028 Jan  26 20 12   Wed 
                    1 Thur Jan  27  18 04  249   21 52   8 247   2 -4.5 10  18 49  45  18 24  C
                    2 Fri  Jan  28  18 05  249   45 53  19 246   4 -5.6 21  19 43  99  18 49  A
 2028 Feb  25 15 37   Fri 
                    0 Fri  Feb  25  18 28  260    2 51   0 263  -3 -3.7  3  18 31   4  18 29  F
                    1 Sat  Feb  26  18 28  260   26 51  11 262  -2 -4.8 13  19 24  56  18 53  A
 2028 Mar  26 09 31   Sun 
                    0 Sun  Mar  26  18 47  273    9 16   3 278  -4 -4.1  6  19 06  19  18 56  F
                    1 Mon  Mar  27  18 48  274   33 17  14 277  -3 -5.2 16  20 02  74  19 21  A
 2028 Apr  25 00 47   Tues
                    0 Tues Apr  25  19 06  286   18 19   8 289  -3 -4.5 10  19 52  46  19 26  C
                    1 Wed  Apr  26  19 07  287   42 20  20 286   0 -5.7 21  20 53 106  19 54  A
 2028 May  24 13 16   Wed 
                    0 Wed  May  24  19 25  295    6 09   3 297  -2 -3.9  5  19 43  19  19 33  F
                    1 Thur May  25  19 25  295   30 09  14 292   3 -5.1 16  20 43  78  20 00  A
 2028 June 22 23 27   Thur
                    1 Fri  June 23  19 37  298   20 10   8 292   6 -4.6 11  20 22  45  19 57  C
                    2 Sat  June 24  19 37  298   44 10  18 283  15 -6.0 24  21 10  93  20 18  A
 2028 July 22 08 02   Sat 
                    0 Sat  July 22  19 32  294   11 30   2 288   6 -4.1  7  19 46  14  19 38  F
                    1 Sun  July 23  19 31  294   35 29  11 277  17 -5.6 21  20 26  55  19 56  A
 2028 Aug  20 15 44   Sun 
                    0 Sun  Aug  20  19 08  285    3 24  -3 281   4 -3.7  4  18 57 -11  19 03  F
                    1 Mon  Aug  21  19 07  284   27 23   5 269  15 -5.2 17  19 34  27  19 19  C
                    2 Tues Aug  22  19 06  284   51 22  13 256  27 -6.6 31  20 10  65  19 35  A
 2028 Sept 18 23 24   Mon 
                    1 Tues Sept 19  18 32  272   19 08   1 260  12 -4.8 12  18 41   8  18 36  F
                    2 Wed  Sept 20  18 31  271   43 07   9 248  24 -6.2 26  19 20  49  18 53  A
 2028 Oct  18 07 57   Wed 
                    0 Wed  Oct  18  17 58  259   10 01  -2 251   8 -4.2  8  17 52  -6  17 55  F
                    1 Thur Oct  19  17 57  259   34 00   7 240  18 -5.6 20  18 37  41  18 15  A
 2028 Nov  16 18 18   Thur
                    1 Fri  Nov  17  17 35  248   23 17   5 237  11 -4.8 13  18 07  33  17 49  D
                    2 Sat  Nov  18  17 34  248   47 16  15 228  20 -6.1 26  19 06  92  18 15  A
 2028 Dec  16 07 06   Sat 
                    0 Sat  Dec  16  17 34  243   10 28   2 239   4 -4.0  6  17 50  16  17 41  F
                    1 Sun  Dec  17  17 34  243   34 28  13 233  10 -5.3 18  18 52  78  18 09  A
 2029 Jan  14 22 24   Sun 
                    1 Mon  Jan  15  17 54  246   19 30   8 244   2 -4.4 10  18 39  45  18 14  C
                    2 Tues Jan  16  17 55  246   43 31  19 241   5 -5.7 21  19 37 102  18 40  A
 2029 Feb  13 15 31   Tues
                    0 Tues Feb  13  18 19  255    2 48   0 258  -3 -3.7  4  18 24   5  18 21  F
                    1 Wed  Feb  14  18 20  256   26 49  11 257  -2 -4.8 13  19 19  59  18 46  A
 2029 Mar  15 09 19   Thur
                    0 Thur Mar  15  18 40  268    9 21   3 273  -4 -4.1  6  18 59  19  18 49  F
                    1 Fri  Mar  16  18 41  269   33 22  14 272  -3 -5.1 16  19 52  71  19 12  A
 2029 Apr  14 02 40   Sat 
                    0 Sat  Apr  14  18 59  282   16 19   6 285  -3 -4.3  9  19 35  36  19 15  E
                    1 Sun  Apr  15  18 59  282   40 19  17 283  -1 -5.4 19  20 30  90  19 40  A
 2029 May  13 18 42   Sun 
                    0 Sun  May  13  19 18  292    0 36   0 295  -3 -3.7  3  19 20   2  19 18  F
                    1 Mon  May  14  19 18  292   24 36  10 291   1 -4.7 12  20 15  57  19 43  B
 2029 June 12 08 50   Tues
                    0 Tues June 12  19 34  298   10 44   3 296   2 -3.9  5  19 55  21  19 43  F
                    1 Wed  June 13  19 34  298   34 44  13 288   9 -5.3 17  20 44  69  20 05  A
 2029 July 11 20 51   Wed 
                    1 Thur July 12  19 36  296   22 45   5 286  10 -4.7 12  20 07  31  19 50  E
                    2 Fri  July 13  19 36  296   46 45  14 276  19 -6.0 25  20 46  70  20 07  A
 2029 Aug  10 06 56   Fri 
                    0 Fri  Aug  10  19 18  288   12 22   0 281   8 -4.2  8  19 20   2  19 19  F
                    1 Sat  Aug  11  19 17  288   36 21   7 269  19 -5.6 21  19 56  39  19 35  A
 2029 Sept  8 15 44   Sat 
                    0 Sat  Sept  8  18 46  277    3 02  -5 272   4 -3.9  5  18 28 -18  18 38  F
                    1 Sun  Sept  9  18 45  276   27 01   3 261  16 -5.2 16  19 05  20  18 54  E
                    2 Mon  Sept 10  18 44  276   51 00  11 249  27 -6.5 30  19 44  61  19 11  A
 2029 Oct   8 00 14   Mon 
                    0 Mon  Oct   8  18 09  263   17 55   1 252  11 -4.7 12  18 18   9  18 13  F
                    1 Tues Oct   9  18 08  263   41 54  10 241  22 -6.1 25  19 05  57  18 33  A
 2029 Nov   6 09 24   Tues
                    0 Tues Nov   6  17 41  252    8 17  -1 246   6 -4.0  6  17 40   0  17 41  F
                    1 Wed  Nov   7  17 40  251   32 16   9 236  16 -5.5 19  18 37  57  18 05  A
 2029 Dec   5 19 52   Wed 
                    1 Thur Dec   6  17 32  244   21 40   8 236   8 -4.8 12  18 21  49  17 53  B
                    2 Fri  Dec   7  17 32  244   45 40  19 228  16 -6.2 26  19 28 116  18 23  A
 2030 Jan   4 07 49   Fri 
                    0 Fri  Jan   4  17 45  244    9 56   4 244   1 -4.0  6  18 11  26  17 57  F
                    1 Sat  Jan   5  17 46  244   33 57  16 239   5 -5.4 19  19 17  91  18 26  A
 2030 Feb   2 21 07   Sat 
                    1 Sun  Feb   3  18 10  251   21 03  10 253  -2 -4.7 12  19 04  53  18 34  B
                    2 Mon  Feb   4  18 11  252   45 04  22 251   1 -5.9 24  20 03 112  19 01  A
 2030 Mar   4 11 35   Mon 
                    0 Mon  Mar   4  18 33  263    6 58   2 268  -4 -4.0  6  18 48  15  18 40  F
                    1 Tues Mar   5  18 34  264   30 59  14 267  -3 -5.1 16  19 44  71  19 05  A
 2030 Apr   3 03 02   Wed 
                    0 Wed  Apr   3  18 52  277   15 50   6 280  -3 -4.3  9  19 26  34  19 07  E
                    1 Thur Apr   4  18 53  277   39 51  17 278  -1 -5.4 19  20 21  88  19 32  A
 2030 May   2 19 12   Thur
                    1 Fri  May   3  19 11  289   23 59   9 288   1 -4.6 11  20 03  52  19 34  B
 2030 June  1 11 21   Sat 
                    0 Sat  June  1  19 29  296    8 08   2 295   1 -3.7  4  19 42  13  19 35  F
                    1 Sun  June  2  19 29  297   32 08  11 289   7 -5.0 15  20 30  61  19 56  A
 2030 July  1 02 34   Mon 
                    0 Mon  July  1  19 38  298   17 04   3 290   7 -4.3  8  19 56  19  19 46  F
                    1 Tues July  2  19 38  297   41 04  11 282  15 -5.5 20  20 36  58  20 04  A
 2030 July 30 16 11   Tues
                    0 Tues July 30  19 27  292    3 16  -4 288   4 -3.8  4  19 13 -14  19 21  F
                    1 Wed  July 31  19 27  292   27 16   4 279  13 -4.9 14  19 49  22  19 36  F
                    2 Thur Aug   1  19 26  291   51 15  11 269  23 -6.1 26  20 23  57  19 51  A
 2030 Aug  29 04 07   Thur
                    0 Thur Aug  29  18 58  281   14 51  -1 272   9 -4.4  9  18 57  -1  18 58  F
                    1 Fri  Aug  30  18 57  281   38 50   7 261  19 -5.7 21  19 33  35  19 13  A
 2030 Sept 27 14 55   Fri 
                    0 Fri  Sept 27  18 23  268    3 28  -4 264   4 -3.9  5  18 06 -17  18 15  F
                    1 Sat  Sept 28  18 21  268   27 26   4 253  15 -5.1 16  18 45  24  18 32  D
                    2 Sun  Sept 29  18 20  268   51 25  12 242  25 -6.4 29  19 29  69  18 51  A
 2030 Oct  27 01 17   Sun 
                    0 Sun  Oct  27  17 49  256   16 32   3 247   9 -4.4 10  18 07  17  17 57  F
                    1 Mon  Oct  28  17 48  255   40 31  12 236  19 -5.9 23  19 00  72  18 20  A
 2030 Nov  25 11 46   Mon 
                    0 Mon  Nov  25  17 32  246    5 46   1 244   2 -3.7  3  17 40   8  17 36  F
                    1 Tues Nov  26  17 32  246   29 46  12 235  11 -5.3 18  18 43  71  18 04  A
 2030 Dec  24 22 32   Tues
                    1 Wed  Dec  25  17 38  243   19 06   9 240   3 -4.7 12  18 34  56  18 03  B
                    2 Thur Dec  26  17 39  243   43 07  22 234  10 -6.1 26  19 44 125  18 34  A
 2031 Jan  23 09 31   Thur
                    0 Thur Jan  23  18 01  248    8 30   4 251  -3 -4.1  7  18 27  26  18 12  F
                    1 Fri  Jan  24  18 02  248   32 31  18 247   1 -5.5 19  19 34  93  18 43  A
 2031 Feb  21 20 49   Fri 
                    1 Sat  Feb  22  18 26  259   21 37  11 262  -3 -4.8 13  19 21  56  18 50  A
 2031 Mar  23 08 49   Sun 
                    0 Sun  Mar  23  18 45  272    9 56   4 275  -3 -4.1  7  19 07  22  18 55  F
                    1 Mon  Mar  24  18 46  272   33 57  16 273  -1 -5.3 18  20 07  81  19 22  A
 2031 Apr  21 21 57   Mon 
                    1 Tues Apr  22  19 04  285   21 07   9 284   1 -4.5 10  19 51  47  19 25  B
                    2 Wed  Apr  23  19 04  285   45 07  20 281   4 -5.7 22  20 47 102  19 50  A
 2031 May  21 12 17   Wed 
                    0 Wed  May  21  19 22  294    7 05   1 292   2 -3.7  3  19 33  10  19 27  F
                    1 Thur May  22  19 23  294   31 06  11 288   7 -5.0 14  20 24  61  19 50  A
 2031 June 20 03 25   Fri 
                    0 Fri  June 20  19 36  298   16 11   3 291   7 -4.2  8  19 54  18  19 44  F
                    1 Sat  June 21  19 37  298   40 12  11 284  14 -5.4 19  20 36  59  20 03  A
 2031 July 19 18 40   Sat 
                    0 Sat  July 19  19 34  295    0 54  -5 291   3 -3.8  4  19 15 -19  19 25  F
                    1 Sun  July 20  19 33  295   24 53   3 283  11 -4.7 12  19 52  19  19 41  F
                    2 Mon  July 21  19 33  294   48 53  10 275  20 -5.9 23  20 26  53  19 56  A
 2031 Aug  18 09 32   Mon 
                    0 Mon  Aug  18  19 11  286    9 39  -3 279   7 -4.1  7  19 02  -9  19 07  F
                    1 Tues Aug  19  19 10  285   33 38   4 270  15 -5.2 16  19 34  25  19 21  D
                    2 Wed  Aug  20  19 09  285   57 37  12 261  24 -6.3 28  20 07  59  19 35  A
 2031 Sept 16 23 47   Tues
                    1 Wed  Sept 17  18 36  273   18 49   1 263  10 -4.5 10  18 43   7  18 39  F
                    2 Thur Sept 18  18 34  273   42 47   8 254  19 -5.7 21  19 19  44  18 54  A
 2031 Oct  16 13 21   Thur
                    0 Thur Oct  16  18 01  260    4 40  -2 257   3 -3.7  3  17 55  -6  17 58  F
                    1 Fri  Oct  17  17 59  260   28 38   7 247  12 -5.0 15  18 37  38  18 16  B
 2031 Nov  15 02 10   Sat 
                    0 Sat  Nov  15  17 36  249   15 26   5 244   5 -4.3  9  18 06  30  17 49  F
                    1 Sun  Nov  16  17 35  249   39 25  15 234  14 -5.8 22  19 03  87  18 14  A
 2031 Dec  14 14 06   Sun 
                    0 Sun  Dec  14  17 33  243    3 27   2 245  -1 -3.7  4  17 46  13  17 39  F
                    1 Mon  Dec  15  17 33  243   27 27  13 237   6 -5.2 16  18 51  78  18 08  A
 2032 Jan  13 01 07   Tues
                    0 Tues Jan  13  17 52  245   16 45   9 246  -1 -4.6 11  18 44  52  18 15  B
                    1 Wed  Jan  14  17 53  246   40 46  23 241   5 -6.0 25  19 54 121  18 46  A
 2032 Feb  11 11 24   Wed 
                    0 Wed  Feb  11  18 17  254    6 53   3 258  -4 -4.1  6  18 37  20  18 26  F
                    1 Thur Feb  12  18 18  255   30 54  17 255  -1 -5.4 19  19 45  87  18 56  A
 2032 Mar  11 21 25   Thur
                    1 Fri  Mar  12  18 39  267   21 14  11 269  -2 -4.8 13  19 34  56  19 03  A
 2032 Apr  10 07 39   Sat 
                    0 Sat  Apr  10  18 57  280   11 18   4 280   0 -4.0  6  19 23  26  19 08  F
                    1 Sun  Apr  11  18 57  281   35 18  17 277   3 -5.5 19  20 25  88  19 36  A
 2032 May   9 18 36   Sun 
                    0 Sun  May   9  19 15  291    0 39  -2 290   1 -3.4  1  19 10  -5  19 13  F
                    1 Mon  May  10  19 16  291   24 40  10 286   6 -4.8 13  20 09  53  19 40  B
 2032 June  8 06 32   Tues
                    0 Tues June  8  19 33  297   13 01   2 291   6 -4.2  7  19 47  15  19 39  F
                    1 Wed  June  9  19 33  297   37 01  12 285  13 -5.4 18  20 36  63  20 01  A
 2032 July  7 19 41   Wed 
                    1 Thur July  8  19 37  297   23 56   3 286  11 -4.7 12  19 58  21  19 46  F
                    2 Fri  July  9  19 37  297   47 56  11 278  19 -5.8 23  20 36  59  20 03  A
 2032 Aug   6 10 11   Fri 
                    0 Fri  Aug   6  19 21  290    9 10  -3 283   6 -4.1  6  19 13  -9  19 18  F
                    1 Sat  Aug   7  19 21  289   33 10   5 275  14 -5.1 16  19 47  26  19 32  D
                    2 Sun  Aug   8  19 20  289   57 09  12 266  23 -6.2 26  20 20  60  19 46  A
 2032 Sept  5 01 57   Sun 
                    0 Sun  Sept  5  18 49  278   16 52   0 270   8 -4.3  8  18 54   5  18 52  F
                    1 Mon  Sept  6  18 48  278   40 51   7 261  16 -5.4 19  19 27  39  19 06  B
 2032 Oct   4 18 26   Mon 
                    1 Tues Oct   5  18 12  265   23 46   4 255   9 -4.6 11  18 38  25  18 24  F
                    2 Wed  Oct   6  18 11  264   47 45  12 246  18 -5.8 22  19 15  64  18 40  A
 2032 Nov   3 10 45   Wed 
                    0 Wed  Nov   3  17 43  253    6 58   1 251   2 -3.7  4  17 54  11  17 48  F
                    1 Thur Nov   4  17 42  252   30 57  10 242  10 -5.1 15  18 39  57  18 07  A
 2032 Dec   3 01 53   Fri 
                    0 Fri  Dec   3  17 31  245   15 38   7 242   2 -4.4  9  18 13  41  17 50  D
                    1 Sat  Dec   4  17 31  244   39 38  17 234  10 -5.7 21  19 10  99  18 15  A
 2033 Jan   1 15 17   Sat 
                    0 Sat  Jan   1  17 43  244    2 26   2 247  -4 -3.9  5  17 56  13  17 49  F
                    1 Sun  Jan   2  17 44  244   26 27  14 242   2 -5.1 16  19 00  76  18 17  A
 2033 Jan  31 03 00   Mon 
                    0 Mon  Jan  31  18 08  251   15 08   8 253  -2 -4.5 10  18 52  43  18 27  C
                    1 Tues Feb   1  18 09  251   39 09  21 249   2 -5.9 23  19 59 110  18 58  A
 2033 Mar   1 13 23   Tues
                    0 Tues Mar   1  18 31  262    5 08   2 265  -3 -3.8  4  18 43  12  18 36  F
                    1 Wed  Mar   2  18 32  262   29 09  16 262   0 -5.3 17  19 51  80  19 07  A
 2033 Mar  30 22 52   Wed 
                    1 Thur Mar  31  18 50  276   19 58  10 274   2 -4.7 12  19 42  52  19 13  A
 2033 Apr  29 07 46   Fri 
                    0 Fri  Apr  29  19 08  288   11 22   4 284   4 -4.1  7  19 33  24  19 19  F
                    1 Sat  Apr  30  19 09  288   35 23  17 280   8 -5.6 20  20 38  88  19 48  A
 2033 May  28 16 36   Sat 
                    0 Sat  May  28  19 27  296    2 51  -2 292   4 -3.8  4  19 21  -6  19 24  F
                    1 Sun  May  29  19 27  296   26 51  10 286  10 -5.1 15  20 20  53  19 51  A
 2033 June 27 02 07   Mon 
                    0 Mon  June 27  19 38  298   17 31   3 288   9 -4.5 10  19 55  17  19 45  F
                    1 Tues June 28  19 38  298   41 31  12 281  17 -5.7 22  20 41  63  20 06  A
 2033 July 26 13 12   Tues
                    0 Tues July 26  19 30  293    6 18  -3 288   5 -4.0  6  19 19 -11  19 25  F
                    1 Wed  July 27  19 29  293   30 17   5 279  14 -5.1 15  19 59  30  19 42  D
                    2 Thur July 28  19 28  292   54 16  13 271  22 -6.2 26  20 36  67  19 58  A
 2033 Aug  25 02 40   Thur
                    0 Thur Aug  25  19 03  283   16 23   1 275   8 -4.3  8  19 10   7  19 06  F
                    1 Fri  Aug  26  19 02  282   40 22   8 266  16 -5.4 19  19 44  43  19 21  A
 2033 Sept 23 18 40   Fri 
                    1 Sat  Sept 24  18 26  270   23 46   5 261   9 -4.6 11  18 52  26  18 38  F
                    2 Sun  Sept 25  18 25  269   47 45  12 252  17 -5.7 22  19 26  62  18 52  A
 2033 Oct  23 12 28   Sun 
                    0 Sun  Oct  23  17 53  257    5 25   1 256   1 -3.6  3  18 03  10  17 57  F
                    1 Mon  Oct  24  17 52  257   29 24   9 248   9 -4.9 14  18 40  48  18 13  B
 2033 Nov  22 06 39   Tues
                    0 Tues Nov  22  17 33  247   10 54   5 246   1 -4.1  7  18 02  29  17 46  F
                    1 Wed  Nov  23  17 33  247   34 54  13 239   8 -5.3 17  18 48  75  18 06  A
 2033 Dec  21 23 46   Wed 
                    1 Thur Dec  22  17 37  243   17 51   8 243   0 -4.5 10  18 25  48  17 58  B
                    2 Fri  Dec  23  17 37  243   41 51  19 236   7 -5.7 21  19 21 104  18 23  A
 2034 Jan  20 15 01   Fri 
                    0 Fri  Jan  20  17 58  247    2 57   1 251  -4 -3.9  5  18 08  10  18 03  F
                    1 Sat  Jan  21  17 59  247   26 58  13 246   1 -5.0 15  19 09  70  18 30  A
 2034 Feb  19 04 10   Sun 
                    0 Sun  Feb  19  18 23  258   14 13   6 258  -1 -4.3  8  18 58  35  18 39  E
                    1 Mon  Feb  20  18 24  258   38 14  19 255   3 -5.7 21  20 03  99  19 08  A
 2034 Mar  20 15 14   Mon 
                    0 Mon  Mar  20  18 43  270    3 29   0 270   0 -3.5  2  18 48   5  18 45  F
                    1 Tues Mar  21  18 44  271   27 30  14 268   3 -5.1 16  19 55  71  19 16  A
 2034 Apr  19 00 26   Wed 
                    0 Wed  Apr  19  19 02  284   18 36   8 278   5 -4.6 12  19 48  46  19 22  B
                    1 Thur Apr  20  19 02  284   42 36  22 275   9 -6.1 26  20 56 113  19 53  A
 2034 May  18 08 12   Thur
                    0 Thur May  18  19 21  293   11 09   3 287   7 -4.2  8  19 39  19  19 29  F
                    1 Fri  May  19  19 21  294   35 09  16 281  12 -5.7 21  20 45  83  19 58  A
 2034 June 16 15 26   Fri 
                    0 Fri  June 16  19 35  298    4 09  -2 292   6 -4.0  6  19 27  -8  19 32  F
                    1 Sat  June 17  19 36  298   28 10   9 285  13 -5.2 17  20 26  50  19 58  A
 2034 July 15 23 15   Sat 
                    1 Sun  July 16  19 35  295   20 20   4 285  10 -4.7 12  19 57  22  19 45  F
                    2 Mon  July 17  19 34  295   44 19  13 276  19 -6.0 24  20 42  68  20 05  A
 2034 Aug  14 08 53   Mon 
                    0 Mon  Aug  14  19 15  287   10 22   0 281   6 -4.0  6  19 18   3  19 16  F
                    1 Tues Aug  15  19 14  287   34 21   8 272  14 -5.3 18  19 57  44  19 33  A
 2034 Sept 12 21 14   Tues
                    1 Wed  Sept 13  18 40  275   21 26   5 267   8 -4.5 10  19 08  27  18 52  F
                    2 Thur Sept 14  18 39  274   45 25  13 258  17 -5.7 22  19 43  64  19 07  A
 2034 Oct  12 12 33   Thur
                    0 Thur Oct  12  18 05  262    5 32   2 261   1 -3.7  4  18 17  12  18 10  F
                    1 Fri  Oct  13  18 04  261   29 31   9 253   9 -4.9 14  18 53  49  18 25  B
 2034 Nov  11 06 16   Sat 
                    0 Sat  Nov  11  17 38  250   11 22   5 249   1 -4.1  7  18 07  29  17 51  F
                    1 Sun  Nov  12  17 37  250   35 21  13 241   8 -5.2 17  18 48  70  18 09  A
 2034 Dec  11 01 14   Mon 
                    0 Mon  Dec  11  17 32  244   16 18   7 243   1 -4.4  9  18 14  42  17 51  D
                    1 Tues Dec  12  17 33  244   40 19  16 236   7 -5.5 19  19 02  90  18 12  A
 2035 Jan   9 20 03   Tues
                    1 Wed  Jan  10  17 50  245   21 47   9 244   1 -4.6 11  18 41  51  18 12  B
                    2 Thur Jan  11  17 50  245   45 47  19 239   6 -5.7 22  19 35 105  18 37  A
 2035 Feb   8 13 22   Thur
                    0 Thur Feb   8  18 14  253    4 52   1 255  -1 -3.7  3  18 24   9  18 18  F
                    1 Fri  Feb   9  18 15  254   28 53  12 251   2 -5.0 14  19 21  66  18 44  A
 2035 Mar  10 04 09   Sat 
                    0 Sat  Mar  10  18 37  266   14 28   6 264   2 -4.2  8  19 08  31  18 51  F
                    1 Sun  Mar  11  18 37  266   38 28  18 261   5 -5.6 21  20 09  92  19 18  A
 2035 Apr   8 15 58   Sun 
                    0 Sun  Apr   8  18 55  279    2 57  -1 276   3 -3.7  3  18 56   1  18 55  F
                    1 Mon  Apr   9  18 55  279   26 57  13 273   6 -5.1 16  20 01  65  19 24  A
 2035 May   8 01 04   Tues
                    0 Tues May   8  19 14  290   18 10   7 283   8 -4.7 12  19 53  39  19 32  C
                    1 Wed  May   9  19 15  291   42 11  20 278  12 -6.1 25  21 00 106  20 02  A
 2035 June  6 08 21   Wed 
                    0 Wed  June  6  19 31  297   11 10   2 290   7 -4.3  8  19 45  14  19 37  F
                    1 Thur June  7  19 32  297   35 11  14 283  14 -5.7 21  20 49  77  20 06  A
 2035 July  5 14 59   Thur
                    0 Thur July  5  19 37  297    4 38  -2 292   5 -3.9  5  19 30  -7  19 34  F
                    1 Fri  July  6  19 37  297   28 38   9 284  13 -5.3 17  20 28  50  20 00  A
 2035 Aug   3 22 12   Fri 
                    1 Sat  Aug   4  19 24  290   21 12   5 281  10 -4.7 12  19 54  31  19 37  E
                    2 Sun  Aug   5  19 23  290   45 11  15 271  19 -6.1 26  20 39  76  19 57  A
 2035 Sept  2 06 59   Sun 
                    0 Sun  Sept  2  18 54  280   11 55   3 275   5 -4.1  7  19 12  18  19 02  F
                    1 Mon  Sept  3  18 53  279   35 54  12 265  14 -5.5 19  19 52  59  19 19  A
 2035 Oct   1 18 07   Mon 
                    0 Mon  Oct   1  18 18  267    0 11   1 268  -2 -3.6  3  18 25   7  18 21  F
                    1 Tues Oct   2  18 17  266   24 10   9 259   8 -4.8 13  19 02  45  18 37  B
 2035 Oct  31 07 59   Wed 
                    0 Wed  Oct  31  17 46  254    9 47   5 253   1 -4.1  7  18 14  28  17 58  F
                    1 Thur Nov   1  17 45  254   33 46  13 244   9 -5.3 17  18 53  68  18 15  A
 2035 Nov  30 00 37   Fri 
                    0 Fri  Nov  30  17 31  245   16 54   7 244   2 -4.4  9  18 14  42  17 50  C
                    1 Sat  Dec   1  17 31  245   40 54  15 236   9 -5.5 19  18 59  87  18 10  A
 2035 Dec  29 19 31   Sat 
                    1 Sun  Dec  30  17 41  243   22 10   9 241   2 -4.5 10  18 31  50  18 03  B
 2036 Jan  28 15 17   Mon 
                    0 Mon  Jan  28  18 05  249    2 48   0 250  -1 -3.5  2  18 08   4  18 06  F
                    1 Tues Jan  29  18 06  250   26 49  10 247   3 -4.7 12  19 01  55  18 30  A