 year  h   cd conj  f wk   mon  day  set   Saz    age  Alt Maz  dz  Mag El  mset  lag   best  cat
 2025 Jan  29 17 36   Wed 
                    0 Wed  Jan  29  17 37  249    0 01  -3 245   4 -3.7  4  17 25 -13  17 32  F
                    1 Thur Jan  30  17 38  249   24 02   9 242   7 -4.9 13  18 35  57  18 04  A
 2025 Feb  28 05 45   Fri 
                    0 Fri  Feb  28  18 05  261   12 20   5 259   2 -4.1  7  18 35  29  18 18  F
                    1 Sat  Mar   1  18 06  262   36 21  19 258   4 -5.6 21  19 46  99  18 50  A
 2025 Mar  29 15 58   Sat 
                    0 Sat  Mar  29  18 29  275    2 31   0 276  -1 -3.5  2  18 32   3  18 30  F
                    1 Sun  Mar  30  18 29  275   26 31  14 275   1 -5.1 16  19 46  77  19 03  A
 2025 Apr  28 00 31   Mon 
                    0 Mon  Apr  28  18 52  288   18 21  10 289  -1 -4.7 12  19 50  59  19 18  A
 2025 May  27 08 02   Tues
                    0 Tues May  27  19 13  297   11 11   6 298  -1 -4.3  8  19 55  42  19 32  E
                    1 Wed  May  28  19 14  297   35 12  19 292   5 -5.7 21  21 05 111  20 04  A
 2025 June 25 15 32   Wed 
                    0 Wed  June 25  19 26  299    3 54   3 302  -2 -3.9  5  19 48  23  19 36  F
                    1 Thur June 26  19 26  299   27 54  13 292   7 -5.2 16  20 43  77  20 00  A
 2025 July 25 00 11   Fri 
                    0 Fri  July 25  19 17  294   19 06   7 289   6 -4.5 11  19 58  42  19 35  C
                    1 Sat  July 26  19 16  294   43 05  14 278  16 -5.8 23  20 31  75  19 49  A
 2025 Aug  23 11 07   Sat 
                    0 Sat  Aug  23  18 48  284    7 41   1 282   2 -3.8  4  18 59  11  18 53  F
                    1 Sun  Aug  24  18 47  284   31 40   7 271  13 -5.1 16  19 25  39  19 04  B
 2025 Sept 22 00 54   Mon 
                    0 Mon  Sept 22  18 07  271   17 13   1 263   8 -4.3  8  18 16   9  18 11  F
                    1 Tues Sept 23  18 06  270   41 12   6 252  18 -5.5 19  18 41  35  18 21  B
 2025 Oct  21 17 25   Tues
                    0 Tues Oct  21  17 29  257    0 04  -4 255   2 -3.7  3  17 10 -19  17 21  F
                    1 Wed  Oct  22  17 28  257   24 03   1 246  11 -4.7 12  17 38  10  17 32  F
                    2 Thur Oct  23  17 27  257   48 02   7 236  21 -5.8 22  18 10  43  17 46  A
 2025 Nov  20 11 47   Thur
                    0 Thur Nov  20  17 04  246    5 17  -4 241   5 -3.9  5  16 47 -17  16 56  F
                    1 Fri  Nov  21  17 03  246   29 16   3 233  13 -4.9 14  17 28  24  17 14  F
                    2 Sat  Nov  22  17 03  246   53 16  10 224  22 -6.0 25  18 15  72  17 35  A
 2025 Dec  20 06 43   Sat 
                    0 Sat  Dec  20  17 04  242   10 21  -1 235   7 -4.1  7  17 04   0  17 04  F
                    1 Sun  Dec  21  17 05  242   34 22   8 229  13 -5.2 16  18 02  57  17 30  A
 2026 Jan  19 00 52   Mon 
                    0 Mon  Jan  19  17 27  246   16 35   4 240   6 -4.3  8  17 57  30  17 40  F
                    1 Tues Jan  20  17 28  246   40 36  15 236  10 -5.5 20  19 00  92  18 09  A
 2026 Feb  17 17 01   Tues
                    0 Tues Feb  17  17 56  256    0 55  -2 255   1 -3.4  1  17 52  -4  17 54  F
                    1 Wed  Feb  18  17 56  257   24 55  11 254   3 -4.8 13  18 56  59  18 23  A
 2026 Mar  19 06 23   Thur
                    0 Thur Mar  19  18 21  270   11 58   5 271  -1 -4.1  7  18 50  30  18 34  F
                    1 Fri  Mar  20  18 22  271   35 59  18 270   0 -5.6 20  19 59  97  19 05  A
 2026 Apr  17 16 52   Fri 
                    0 Fri  Apr  17  18 43  283    1 51   0 287  -4 -3.8  4  18 48   5  18 45  F
                    1 Sat  Apr  18  18 44  284   25 52  14 285  -1 -5.1 16  20 03  79  19 19  A
 2026 May  17 01 01   Sun 
                    0 Sun  May  17  19 06  294   18 05  10 295   0 -4.7 12  20 09  63  19 34  A
 2026 June 15 07 54   Mon 
                    0 Mon  June 15  19 23  299   11 29   6 299   0 -4.3  8  20 05  42  19 42  E
                    1 Tues June 16  19 24  299   35 30  17 290  10 -5.7 21  21 04 101  20 08  A
 2026 July 14 14 44   Tues
                    0 Tues July 14  19 23  297    4 39   2 297   0 -3.8  4  19 40  17  19 31  F
                    1 Wed  July 15  19 22  297   28 38  11 286  11 -5.2 17  20 24  61  19 50  A
 2026 Aug  12 22 37   Wed 
                    1 Thur Aug  13  19 00  288   20 23   5 279   9 -4.6 11  19 27  27  19 12  F
                    2 Fri  Aug  14  18 59  288   44 22  11 267  21 -6.0 24  19 56  58  19 24  A
 2026 Sept 11 08 27   Fri 
                    0 Fri  Sept 11  18 23  276    9 56  -1 270   6 -4.0  6  18 23   0  18 23  F
                    1 Sat  Sept 12  18 21  275   33 54   5 259  17 -5.4 18  18 50  29  18 34  C
                    2 Sun  Sept 13  18 20  275   57 53  10 247  28 -6.5 30  19 18  58  18 46  A
 2026 Oct  10 20 50   Sat 
                    1 Sun  Oct  11  17 41  262   20 51   0 251  11 -4.6 11  17 47   5  17 44  F
                    2 Mon  Oct  12  17 40  261   44 50   6 240  21 -5.8 23  18 18  38  17 57  A
 2026 Nov   9 12 02   Mon 
                    0 Mon  Nov   9  17 11  250    5 09  -4 245   5 -3.9  6  16 52 -18  17 02  F
                    1 Tues Nov  10  17 10  250   29 08   3 236  14 -5.0 15  17 31  21  17 19  F
                    2 Wed  Nov  11  17 09  249   53 07  10 227  23 -6.1 25  18 15  66  17 39  A
 2026 Dec   9 05 52   Wed 
                    0 Wed  Dec   9  17 01  243   11 09  -1 236   7 -4.1  7  17 00  -1  17 00  F
                    1 Thur Dec  10  17 01  243   35 09   7 229  14 -5.2 16  17 53  52  17 24  B
 2027 Jan   8 01 24   Fri 
                    0 Fri  Jan   8  17 17  243   15 53   3 238   5 -4.2  7  17 41  24  17 28  F
                    1 Sat  Jan   9  17 18  244   39 54  13 234  10 -5.4 18  18 40  82  17 54  A
 2027 Feb   6 20 56   Sat 
                    1 Sun  Feb   7  17 46  252   20 50   8 250   2 -4.4 10  18 30  44  18 06  C
                    2 Mon  Feb   8  17 47  252   44 51  19 248   4 -5.6 21  19 28 101  18 32  A
 2027 Mar   8 14 29   Mon 
                    0 Mon  Mar   8  18 12  265    3 43   0 267  -2 -3.7  3  18 18   7  18 15  F
                    1 Tues Mar   9  18 13  265   27 44  12 266  -1 -4.9 14  19 18  65  18 42  A
 2027 Apr   7 04 51   Wed 
                    0 Wed  Apr   7  18 35  279   13 44   6 282  -3 -4.3  8  19 11  36  18 51  E
                    1 Thur Apr   8  18 36  279   37 45  19 280  -1 -5.6 20  20 18 102  19 21  A
 2027 May   6 15 59   Thur
                    0 Thur May   6  18 58  291    2 59   1 295  -4 -3.9  5  19 10  12  19 03  F
                    1 Fri  May   7  18 58  291   26 59  14 291   0 -5.1 16  20 21  83  19 35  A
 2027 June  5 00 40   Sat 
                    0 Sat  June  5  19 19  298   18 39   9 296   2 -4.6 11  20 17  59  19 45  B
                    1 Sun  June  6  19 19  298   42 39  21 287  11 -6.0 25  21 17 118  20 11  A
 2027 July  4 08 02   Sun 
                    0 Sun  July  4  19 26  299   11 24   4 295   3 -4.1  7  19 55  30  19 39  F
                    1 Mon  July  5  19 25  299   35 23  14 284  14 -5.7 21  20 42  76  19 59  A
 2027 Aug   2 15 05   Mon 
                    0 Mon  Aug   2  19 11  292    4 06   0 290   2 -3.6  2  19 13   2  19 12  F
                    1 Tues Aug   3  19 10  292   28 05   7 278  14 -5.2 17  19 50  40  19 28  B
 2027 Aug  31 22 41   Tues
                    1 Wed  Sept  1  18 37  281   19 56   2 269  12 -4.7 12  18 49  13  18 42  F
                    2 Thur Sept  2  18 35  280   43 54   8 256  24 -6.1 26  19 20  45  18 55  A
 2027 Sept 30 07 36   Thur
                    0 Thur Sept 30  17 57  267   10 21  -3 260   7 -4.2  7  17 48  -8  17 53  F
                    1 Fri  Oct   1  17 55  267   34 19   4 248  19 -5.5 20  18 21  26  18 07  C
                    2 Sat  Oct   2  17 54  266   58 18  10 236  30 -6.7 32  18 58  64  18 22  A
 2027 Oct  29 18 37   Fri 
                    1 Sat  Oct  30  17 20  254   22 43   1 241  13 -4.8 13  17 31  11  17 25  F
                    2 Sun  Oct  31  17 19  253   46 42   9 231  23 -6.0 25  18 15  57  17 44  A
 2027 Nov  28 08 24   Sun 
                    0 Sun  Nov  28  17 01  245    8 37  -2 239   6 -4.0  6  16 55  -6  16 59  F
                    1 Mon  Nov  29  17 01  244   32 37   7 230  14 -5.2 16  17 48  47  17 22  B
 2027 Dec  28 01 12   Tues
                    0 Tues Dec  28  17 08  242   15 56   3 237   6 -4.2  8  17 34  25  17 20  F
                    1 Wed  Dec  29  17 09  242   39 57  13 231  11 -5.4 19  18 33  84  17 46  A
 2028 Jan  26 20 12   Wed 
                    1 Thur Jan  27  17 35  248   21 23   8 246   2 -4.4 10  18 21  46  17 55  C
                    2 Fri  Jan  28  17 36  248   45 24  18 243   5 -5.6 21  19 17 101  18 21  A
 2028 Feb  25 15 37   Fri 
                    0 Fri  Feb  25  18 02  260    2 25   0 262  -3 -3.7  3  18 06   4  18 04  F
                    1 Sat  Feb  26  18 03  260   26 26  11 261  -1 -4.8 13  19 01  58  18 29  A
 2028 Mar  26 09 31   Sun 
                    0 Sun  Mar  26  18 27  274    8 56   3 278  -4 -4.0  6  18 47  21  18 36  F
                    1 Mon  Mar  27  18 27  274   32 56  14 276  -2 -5.2 16  19 45  78  19 02  A
 2028 Apr  25 00 47   Tues
                    0 Tues Apr  25  18 50  287   18 03   8 289  -2 -4.5 10  19 38  48  19 11  C
                    1 Wed  Apr  26  18 50  287   42 03  19 286   2 -5.7 21  20 40 110  19 39  A
 2028 May  24 13 16   Wed 
                    0 Wed  May  24  19 12  296    5 56   3 298  -2 -3.9  5  19 32  20  19 20  F
                    1 Thur May  25  19 12  296   29 56  13 292   5 -5.1 16  20 32  80  19 48  A
 2028 June 22 23 27   Thur
                    1 Fri  June 23  19 25  299   19 58   7 293   6 -4.6 11  20 10  45  19 45  C
                    2 Sat  June 24  19 25  299   43 58  16 283  16 -6.0 24  20 56  90  20 06  A
 2028 July 22 08 02   Sat 
                    0 Sat  July 22  19 18  295   11 16   1 289   6 -4.1  7  19 30  12  19 24  F
                    1 Sun  July 23  19 18  295   35 16   9 278  17 -5.6 20  20 09  51  19 40  A
 2028 Aug  20 15 44   Sun 
                    0 Sun  Aug  20  18 51  285    3 07  -3 282   3 -3.7  4  18 38 -13  18 45  F
                    1 Mon  Aug  21  18 50  285   27 06   4 269  16 -5.2 17  19 13  23  19 00  D
                    2 Tues Aug  22  18 49  284   51 05  11 256  28 -6.6 31  19 46  57  19 14  A
 2028 Sept 18 23 24   Mon 
                    1 Tues Sept 19  18 11  272   18 47   0 260  12 -4.7 12  18 15   4  18 13  F
                    2 Wed  Sept 20  18 09  271   42 45   7 247  24 -6.1 26  18 52  42  18 28  A
 2028 Oct  18 07 57   Wed 
                    0 Wed  Oct  18  17 32  259    9 35  -3 251   7 -4.2  7  17 22 -10  17 28  F
                    1 Thur Oct  19  17 31  258   33 34   5 239  19 -5.6 20  18 06  35  17 46  B
 2028 Nov  16 18 18   Thur
                    1 Fri  Nov  17  17 05  247   22 47   4 236  12 -4.8 13  17 34  28  17 18  F
                    2 Sat  Nov  18  17 05  247   46 47  13 226  21 -6.1 26  18 32  88  17 43  A
 2028 Dec  16 07 06   Sat 
                    0 Sat  Dec  16  17 03  242    9 57   1 238   4 -3.9  5  17 16  13  17 09  F
                    1 Sun  Dec  17  17 03  242   33 57  12 231  11 -5.3 18  18 19  76  17 37  A
 2029 Jan  14 22 24   Sun 
                    1 Mon  Jan  15  17 24  245   19 00   7 243   2 -4.4  9  18 09  45  17 44  C
                    2 Tues Jan  16  17 25  245   43 01  18 239   6 -5.7 21  19 09 105  18 11  A
 2029 Feb  13 15 31   Tues
                    0 Tues Feb  13  17 52  255    2 21   0 258  -3 -3.7  4  17 57   5  17 54  F
                    1 Wed  Feb  14  17 53  255   26 22  11 256  -1 -4.8 13  18 54  61  18 20  A
 2029 Mar  15 09 19   Thur
                    0 Thur Mar  15  18 18  268    8 59   3 272  -4 -4.1  6  18 38  20  18 27  F
                    1 Fri  Mar  16  18 19  269   33 00  14 271  -2 -5.1 16  19 33  74  18 52  A
 2029 Apr  14 02 40   Sat 
                    0 Sat  Apr  14  18 41  282   16 01   6 285  -3 -4.3  9  19 19  38  18 58  E
                    1 Sun  Apr  15  18 42  283   40 02  17 282   0 -5.4 19  20 16  94  19 23  A
 2029 May  13 18 42   Sun 
                    0 Sun  May  13  19 03  293    0 21   0 296  -3 -3.7  3  19 06   3  19 05  F
                    1 Mon  May  14  19 04  294   24 22  10 292   2 -4.7 12  20 03  59  19 30  B
 2029 June 12 08 50   Tues
                    0 Tues June 12  19 22  299   10 32   3 297   2 -3.9  5  19 43  21  19 31  F
                    1 Wed  June 13  19 23  299   34 33  12 289  10 -5.2 17  20 31  68  19 53  A
 2029 July 11 20 51   Wed 
                    1 Thur July 12  19 23  297   22 32   4 287  10 -4.7 12  19 51  28  19 36  F
                    2 Fri  July 13  19 23  297   46 32  12 277  20 -6.0 25  20 28  65  19 52  A
 2029 Aug  10 06 56   Fri 
                    0 Fri  Aug  10  19 03  289   12 07  -1 282   8 -4.2  8  19 01  -1  19 02  F
                    1 Sat  Aug  11  19 02  289   36 06   6 270  19 -5.6 21  19 35  34  19 17  B
 2029 Sept  8 15 44   Sat 
                    0 Sat  Sept  8  18 27  277    2 43  -5 273   4 -3.9  5  18 06 -21  18 17  F
                    1 Sun  Sept  9  18 25  277   26 41   2 261  16 -5.2 16  18 40  15  18 32  F
                    2 Mon  Sept 10  18 24  276   50 40   9 248  28 -6.5 30  19 17  54  18 48  A
 2029 Oct   8 00 14   Mon 
                    0 Mon  Oct   8  17 45  263   17 31   0 252  11 -4.6 11  17 50   5  17 47  F
                    1 Tues Oct   9  17 44  263   41 30   8 240  23 -6.0 25  18 34  50  18 06  A
 2029 Nov   6 09 24   Tues
                    0 Tues Nov   6  17 13  251    7 49  -2 245   6 -4.0  6  17 09  -4  17 11  F
                    1 Wed  Nov   7  17 12  251   31 48   8 234  16 -5.4 19  18 04  52  17 35  A
 2029 Dec   5 19 52   Wed 
                    1 Thur Dec   6  17 00  243   21 08   7 235   8 -4.7 12  17 48  47  17 21  C
                    2 Fri  Dec   7  17 01  243   45 09  18 226  17 -6.1 26  18 55 115  17 52  A
 2030 Jan   4 07 49   Fri 
                    0 Fri  Jan   4  17 14  243    9 25   4 242   1 -4.0  6  17 40  26  17 25  F
                    1 Sat  Jan   5  17 15  243   33 26  16 236   7 -5.4 19  18 47  93  17 56  A
 2030 Feb   2 21 07   Sat 
                    1 Sun  Feb   3  17 42  251   20 35  10 252  -1 -4.7 12  18 37  55  18 07  B
                    2 Mon  Feb   4  17 43  251   44 36  22 249   2 -5.9 23  19 39 116  18 35  A
 2030 Mar   4 11 35   Mon 
                    0 Mon  Mar   4  18 09  263    6 34   2 267  -4 -4.0  6  18 25  16  18 16  F
                    1 Tues Mar   5  18 10  263   30 35  14 265  -2 -5.1 16  19 23  74  18 42  A
 2030 Apr   3 03 02   Wed 
                    0 Wed  Apr   3  18 32  277   15 30   6 280  -3 -4.3  8  19 08  36  18 48  E
                    1 Thur Apr   4  18 33  278   39 31  17 278   0 -5.4 19  20 05  92  19 14  A
 2030 May   2 19 12   Thur
                    1 Fri  May   3  18 55  290   23 43   9 288   1 -4.6 11  19 49  53  19 19  B
 2030 June  1 11 21   Sat 
                    0 Sat  June  1  19 16  298    7 55   1 296   2 -3.7  4  19 29  13  19 22  F
                    1 Sun  June  2  19 17  298   31 56  10 290   8 -5.0 15  20 17  60  19 44  A
 2030 July  1 02 34   Mon 
                    0 Mon  July  1  19 26  299   16 52   2 292   7 -4.3  8  19 42  16  19 33  F
                    1 Tues July  2  19 26  299   40 52  10 283  16 -5.5 19  20 20  54  19 50  A
 2030 July 30 16 11   Tues
                    0 Tues July 30  19 13  293    3 02  -4 289   4 -3.8  4  18 56 -17  19 06  F
                    1 Wed  July 31  19 12  293   27 01   3 279  13 -4.9 14  19 30  18  19 20  F
                    2 Thur Aug   1  19 11  292   51 00  10 269  23 -6.1 26  20 03  51  19 34  A
 2030 Aug  29 04 07   Thur
                    0 Thur Aug  29  18 40  282   14 33  -2 273   9 -4.4  9  18 36  -5  18 38  F
                    1 Fri  Aug  30  18 39  281   38 32   5 262  20 -5.6 21  19 09  30  18 52  B
 2030 Sept 27 14 55   Fri 
                    0 Fri  Sept 27  18 00  268    3 05  -5 265   4 -3.9  5  17 41 -19  17 52  F
                    1 Sat  Sept 28  17 59  268   27 04   3 253  15 -5.1 15  18 18  19  18 08  F
                    2 Sun  Sept 29  17 58  267   51 03  11 242  26 -6.4 29  19 00  62  18 25  A
 2030 Oct  27 01 17   Sun 
                    0 Sun  Oct  27  17 22  255   16 05   2 246   9 -4.4 10  17 36  14  17 29  F
                    1 Mon  Oct  28  17 21  255   40 04  11 235  20 -5.9 23  18 28  67  17 51  A
 2030 Nov  25 11 46   Mon 
                    0 Mon  Nov  25  17 02  245    5 16   0 243   2 -3.7  3  17 08   6  17 04  F
                    1 Tues Nov  26  17 02  245   29 16  11 233  12 -5.3 17  18 11  69  17 32  A
 2030 Dec  24 22 32   Tues
                    1 Wed  Dec  25  17 07  242   18 35   9 238   4 -4.6 11  18 03  56  17 32  B
                    2 Thur Dec  26  17 07  242   42 35  21 231  11 -6.1 25  19 14 127  18 04  A
 2031 Jan  23 09 31   Thur
                    0 Thur Jan  23  17 31  247    8 00   4 249  -2 -4.1  6  17 58  27  17 43  F
                    1 Fri  Jan  24  17 32  247   32 01  17 245   2 -5.5 19  19 08  96  18 15  A
 2031 Feb  21 20 49   Fri 
                    1 Sat  Feb  22  18 00  258   21 11  11 260  -2 -4.8 13  18 58  58  18 26  A
 2031 Mar  23 08 49   Sun 
                    0 Sun  Mar  23  18 24  272    9 35   4 275  -3 -4.1  6  18 47  24  18 34  F
                    1 Mon  Mar  24  18 24  272   33 35  16 272   0 -5.3 18  19 49  84  19 02  A
 2031 Apr  21 21 57   Mon 
                    1 Tues Apr  22  18 47  285   20 50   8 284   1 -4.5 10  19 35  48  19 08  B
                    2 Wed  Apr  23  18 47  286   44 50  19 280   6 -5.7 22  20 32 105  19 34  A
 2031 May  21 12 17   Wed 
                    0 Wed  May  21  19 09  295    6 52   1 293   2 -3.7  3  19 19  10  19 13  F
                    1 Thur May  22  19 10  296   30 53  10 288   8 -5.0 14  20 10  61  19 37  A
 2031 June 20 03 25   Fri 
                    0 Fri  June 20  19 25  299   16 00   2 292   7 -4.2  8  19 40  15  19 31  F
                    1 Sat  June 21  19 25  299   40 00  10 285  15 -5.4 19  20 21  56  19 50  A
 2031 July 19 18 40   Sat 
                    0 Sat  July 19  19 21  296    0 41  -5 293   3 -3.8  4  18 59 -21  19 11  F
                    1 Sun  July 20  19 20  296   24 40   2 284  12 -4.7 12  19 35  15  19 27  F
                    2 Mon  July 21  19 20  296   48 40   9 275  20 -5.8 23  20 08  48  19 41  A
 2031 Aug  18 09 32   Mon 
                    0 Mon  Aug  18  18 54  286    9 22  -3 280   6 -4.1  7  18 42 -12  18 49  F
                    1 Tues Aug  19  18 53  286   33 21   3 270  16 -5.2 16  19 13  20  19 02  F
                    2 Wed  Aug  20  18 52  286   57 20  10 261  25 -6.3 27  19 44  52  19 15  A
 2031 Sept 16 23 47   Tues
                    1 Wed  Sept 17  18 15  273   18 28   0 264  10 -4.5 10  18 18   4  18 16  F
                    2 Thur Sept 18  18 13  273   42 26   7 253  19 -5.7 21  18 53  39  18 31  A
 2031 Oct  16 13 21   Thur
                    0 Thur Oct  16  17 35  260    4 14  -2 257   3 -3.6  3  17 28  -8  17 32  F
                    1 Fri  Oct  17  17 34  259   28 13   6 247  13 -5.0 15  18 08  34  17 49  C
                    2 Sat  Oct  18  17 33  259   52 12  13 236  23 -6.3 27  18 54  81  18 09  A
 2031 Nov  15 02 10   Sat 
                    0 Sat  Nov  15  17 07  248   14 57   4 242   6 -4.3  8  17 35  28  17 19  F
                    1 Sun  Nov  16  17 06  248   38 56  14 232  15 -5.7 22  18 31  85  17 44  A
 2031 Dec  14 14 06   Sun 
                    0 Sun  Dec  14  17 02  242    2 56   1 243  -1 -3.7  3  17 14  12  17 07  F
                    1 Mon  Dec  15  17 02  242   26 56  13 235   7 -5.2 16  18 20  78  17 37  A
 2032 Jan  13 01 07   Tues
                    0 Tues Jan  13  17 21  244   16 14   9 244   0 -4.6 11  18 15  54  17 45  B
                    1 Wed  Jan  14  17 22  245   40 15  22 238   6 -6.0 24  19 26 124  18 17  A
 2032 Feb  11 11 24   Wed 
                    0 Wed  Feb  11  17 49  254    6 25   3 257  -4 -4.0  6  18 10  21  17 59  F
                    1 Thur Feb  12  17 50  254   30 26  17 253   1 -5.4 19  19 21  91  18 31  A
 2032 Mar  11 21 25   Thur
                    1 Fri  Mar  12  18 16  267   20 51  11 268  -1 -4.7 12  19 13  57  18 41  A
 2032 Apr  10 07 39   Sat 
                    0 Sat  Apr  10  18 38  281   10 59   4 280   0 -4.0  6  19 05  27  18 50  F
                    1 Sun  Apr  11  18 39  281   35 00  17 277   4 -5.5 19  20 09  90  19 19  A
 2032 May   9 18 36   Sun 
                    0 Sun  May   9  19 01  292    0 25  -2 291   1 -3.4  1  18 55  -6  18 58  F
                    1 Mon  May  10  19 01  292   24 25   9 286   7 -4.8 13  19 54  53  19 25  B
 2032 June  8 06 32   Tues
                    0 Tues June  8  19 21  299   12 49   1 292   7 -4.2  7  19 33  12  19 26  F
                    1 Wed  June  9  19 21  299   36 49  11 285  14 -5.4 18  20 21  60  19 48  A
 2032 July  7 19 41   Wed 
                    1 Thur July  8  19 25  298   23 44   3 287  11 -4.7 12  19 42  17  19 32  F
                    2 Fri  July  9  19 24  298   47 43  10 278  20 -5.8 23  20 19  55  19 49  A
 2032 Aug   6 10 11   Fri 
                    0 Fri  Aug   6  19 06  291    8 55  -3 284   6 -4.0  6  18 54 -12  19 01  F
                    1 Sat  Aug   7  19 05  290   32 54   4 276  15 -5.1 16  19 27  22  19 15  F
                    2 Sun  Aug   8  19 04  290   56 53  10 266  23 -6.2 26  19 58  54  19 28  A
 2032 Sept  5 01 57   Sun 
                    0 Sun  Sept  5  18 30  278   16 33   0 270   8 -4.3  8  18 32   2  18 31  F
                    1 Mon  Sept  6  18 29  278   40 32   6 261  17 -5.4 19  19 03  34  18 44  B
 2032 Oct   4 18 26   Mon 
                    1 Tues Oct   5  17 49  264   23 23   4 255   9 -4.6 11  18 11  23  17 59  F
                    2 Wed  Oct   6  17 47  264   47 21  11 245  19 -5.8 22  18 48  60  18 14  A
 2032 Nov   3 10 45   Wed 
                    0 Wed  Nov   3  17 15  252    6 30   1 250   2 -3.7  3  17 26  10  17 20  F
                    1 Thur Nov   4  17 14  252   30 29   9 241  11 -5.1 15  18 09  55  17 39  A
 2032 Dec   3 01 53   Fri 
                    0 Fri  Dec   3  17 00  243   15 07   7 241   3 -4.3  9  17 42  41  17 19  D
                    1 Sat  Dec   4  17 00  243   39 07  16 232  11 -5.7 21  18 39  99  17 44  A
 2033 Jan   1 15 17   Sat 
                    0 Sat  Jan   1  17 12  243    1 55   2 246  -4 -3.9  5  17 25  14  17 18  F
                    1 Sun  Jan   2  17 12  243   25 55  13 239   3 -5.1 15  18 30  78  17 47  A
 2033 Jan  31 03 00   Mon 
                    0 Mon  Jan  31  17 39  250   14 39   8 251  -1 -4.4 10  18 24  45  17 59  C
                    1 Tues Feb   1  17 40  250   38 40  21 246   4 -5.8 23  19 34 114  18 31  A
 2033 Mar   1 13 23   Tues
                    0 Tues Mar   1  18 06  262    4 43   2 264  -3 -3.8  4  18 19  12  18 12  F
                    1 Wed  Mar   2  18 07  262   28 44  15 261   2 -5.3 17  19 29  82  18 44  A
 2033 Mar  30 22 52   Wed 
                    1 Thur Mar  31  18 30  276   19 38   9 273   2 -4.7 12  19 23  53  18 54  B
                    2 Fri  Apr   1  18 31  276   43 39  23 269   7 -6.1 26  20 32 121  19 25  A
 2033 Apr  29 07 46   Fri 
                    0 Fri  Apr  29  18 53  288   11 07   4 284   4 -4.1  7  19 16  23  19 03  F
                    1 Sat  Apr  30  18 53  289   35 07  16 279  10 -5.6 20  20 22  88  19 33  A
 2033 May  28 16 36   Sat 
                    0 Sat  May  28  19 14  297    2 38  -2 293   4 -3.8  4  19 06  -8  19 10  F
                    1 Sun  May  29  19 15  297   26 39   9 286  11 -5.1 15  20 05  51  19 37  B
 2033 June 27 02 07   Mon 
                    0 Mon  June 27  19 26  299   17 19   2 290  10 -4.5 10  19 39  13  19 32  F
                    1 Tues June 28  19 26  299   41 19  11 281  18 -5.7 22  20 25  59  19 52  A
 2033 July 26 13 12   Tues
                    0 Tues July 26  19 16  294    6 04  -3 289   5 -4.0  6  19 02 -14  19 10  F
                    1 Wed  July 27  19 15  294   30 03   4 280  14 -5.1 15  19 41  25  19 27  E
                    2 Thur July 28  19 14  294   54 02  12 271  23 -6.2 26  20 16  62  19 42  A
 2033 Aug  25 02 40   Thur
                    0 Thur Aug  25  18 45  283   16 05   0 276   8 -4.2  8  18 50   5  18 47  F
                    1 Fri  Aug  26  18 44  283   40 04   7 266  16 -5.4 19  19 22  38  19 01  B
 2033 Sept 23 18 40   Fri 
                    1 Sat  Sept 24  18 04  270   23 24   4 261   9 -4.5 11  18 28  24  18 15  F
                    2 Sun  Sept 25  18 03  269   47 23  11 252  18 -5.7 21  19 01  58  18 28  A
 2033 Oct  23 12 28   Sun 
                    0 Sun  Oct  23  17 27  257    4 59   1 256   1 -3.6  3  17 36  10  17 31  F
                    1 Mon  Oct  24  17 25  256   28 57   8 247   9 -4.9 13  18 12  47  17 46  B
 2033 Nov  22 06 39   Tues
                    0 Tues Nov  22  17 03  246   10 24   5 245   1 -4.1  6  17 32  29  17 16  F
                    1 Wed  Nov  23  17 02  246   34 23  13 237   9 -5.2 17  18 18  75  17 36  A
 2033 Dec  21 23 46   Wed 
                    1 Thur Dec  22  17 05  242   17 19   8 241   1 -4.5 10  17 55  49  17 27  C
                    2 Fri  Dec  23  17 06  242   41 20  18 233   8 -5.7 21  18 51 106  17 53  A
 2034 Jan  20 15 01   Fri 
                    0 Fri  Jan  20  17 28  246    2 27   1 250  -4 -3.8  5  17 39  11  17 33  F
                    1 Sat  Jan  21  17 29  246   26 28  13 244   2 -5.0 14  18 41  72  18 01  A
 2034 Feb  19 04 10   Sun 
                    0 Sun  Feb  19  17 57  257   13 47   6 257   0 -4.2  8  18 33  36  18 13  E
                    1 Mon  Feb  20  17 58  258   37 48  19 253   4 -5.7 21  19 40 101  18 43  A
 2034 Mar  20 15 14   Mon 
                    0 Mon  Mar  20  18 22  271    3 08   0 270   0 -3.5  2  18 26   4  18 23  F
                    1 Tues Mar  21  18 22  271   27 08  13 267   4 -5.1 16  19 35  72  18 54  A
 2034 Apr  19 00 26   Wed 
                    0 Wed  Apr  19  18 45  284   18 19   8 278   6 -4.6 11  19 30  45  19 05  B
                    1 Thur Apr  20  18 45  285   42 19  21 274  11 -6.1 25  20 39 114  19 36  A
 2034 May  18 08 12   Thur
                    0 Thur May  18  19 07  295   10 55   2 288   7 -4.2  8  19 23  16  19 14  F
                    1 Fri  May  19  19 08  295   34 56  15 281  13 -5.7 21  20 30  82  19 44  A
 2034 June 16 15 26   Fri 
                    0 Fri  June 16  19 24  299    3 58  -3 294   5 -3.9  6  19 12 -12  19 18  F
                    1 Sat  June 17  19 24  299   27 58   8 286  14 -5.2 17  20 11  47  19 45  B
 2034 July 15 23 15   Sat 
                    1 Sun  July 16  19 22  297   20 07   3 286  11 -4.7 12  19 40  18  19 30  F
                    2 Mon  July 17  19 21  296   44 06  12 276  20 -6.0 24  20 25  63  19 50  A
 2034 Aug  14 08 53   Mon 
                    0 Mon  Aug  14  18 59  288   10 06  -1 282   6 -4.0  6  18 59   1  18 59  F
                    1 Tues Aug  15  18 57  287   34 04   7 272  15 -5.3 17  19 37  40  19 15  B
 2034 Sept 12 21 14   Tues
                    1 Wed  Sept 13  18 20  275   21 06   4 267   8 -4.5 10  18 45  25  18 31  F
                    2 Thur Sept 14  18 19  274   45 05  11 257  17 -5.7 22  19 19  60  18 45  A
 2034 Oct  12 12 33   Thur
                    0 Thur Oct  12  17 40  261    5 07   2 261   1 -3.7  3  17 52  12  17 45  F
                    1 Fri  Oct  13  17 39  261   29 06   8 252   9 -4.9 14  18 26  48  18 00  B
 2034 Nov  11 06 16   Sat 
                    0 Sat  Nov  11  17 09  249   10 53   5 248   1 -4.1  7  17 39  30  17 22  F
                    1 Sun  Nov  12  17 08  249   34 52  12 240   9 -5.2 16  18 18  70  17 39  A
 2034 Dec  11 01 14   Mon 
                    0 Mon  Dec  11  17 01  242   15 47   7 241   1 -4.3  9  17 44  43  17 20  D
                    1 Tues Dec  12  17 01  242   39 47  15 234   9 -5.4 19  18 32  91  17 41  A
 2035 Jan   9 20 03   Tues
                    1 Wed  Jan  10  17 19  244   21 16   9 242   2 -4.5 11  18 11  53  17 42  B
                    2 Thur Jan  11  17 20  244   45 17  18 236   8 -5.7 22  19 07 107  18 07  A
 2035 Feb   8 13 22   Thur
                    0 Thur Feb   8  17 47  252    4 25   1 254  -1 -3.6  3  17 56   9  17 51  F
                    1 Fri  Feb   9  17 48  253   28 26  12 250   3 -4.9 14  18 55  67  18 17  A
 2035 Mar  10 04 09   Sat 
                    0 Sat  Mar  10  18 13  266   14 04   5 263   3 -4.2  7  18 44  31  18 27  F
                    1 Sun  Mar  11  18 14  266   38 05  18 260   6 -5.6 20  19 47  93  18 56  A
 2035 Apr   8 15 58   Sun 
                    0 Sun  Apr   8  18 36  279    2 38  -1 276   3 -3.7  3  18 35  -1  18 35  F
                    1 Mon  Apr   9  18 37  280   26 39  12 273   7 -5.1 15  19 41  65  19 05  A
 2035 May   8 01 04   Tues
                    0 Tues May   8  18 59  291   17 55   6 283   8 -4.7 12  19 37  38  19 16  C
                    1 Wed  May   9  19 00  292   41 56  19 278  14 -6.1 25  20 45 105  19 47  A
 2035 June  6 08 21   Wed 
                    0 Wed  June  6  19 19  298   10 58   1 291   8 -4.3  8  19 30  11  19 24  F
                    1 Thur June  7  19 20  299   34 59  13 283  15 -5.7 21  20 34  75  19 53  A
 2035 July  5 14 59   Thur
                    0 Thur July  5  19 25  298    4 26  -3 294   5 -3.9  5  19 15 -10  19 21  F
                    1 Fri  July  6  19 25  298   28 26   8 284  14 -5.3 17  20 12  47  19 46  B
 2035 Aug   3 22 12   Fri 
                    1 Sat  Aug   4  19 09  292   20 57   5 281  10 -4.7 12  19 37  28  19 21  F
                    2 Sun  Aug   5  19 08  291   44 56  14 271  20 -6.1 25  20 20  72  19 40  A
 2035 Sept  2 06 59   Sun 
                    0 Sun  Sept  2  18 35  280   11 36   2 275   5 -4.1  6  18 52  17  18 43  F
                    1 Mon  Sept  3  18 34  280   35 35  10 265  15 -5.5 19  19 30  56  18 59  A
 2035 Oct   1 18 07   Mon 
                    1 Tues Oct   2  17 54  266   23 47   8 258   8 -4.8 13  18 38  44  18 13  B
 2035 Oct  31 07 59   Wed 
                    0 Wed  Oct  31  17 19  253    9 20   5 253   1 -4.1  7  17 47  29  17 31  F
                    1 Thur Nov   1  17 18  253   33 19  12 243  10 -5.2 17  18 25  67  17 48  A
 2035 Nov  30 00 37   Fri 
                    0 Fri  Nov  30  17 01  244   16 24   7 242   2 -4.4  9  17 44  43  17 20  D
                    1 Sat  Dec   1  17 01  244   40 24  14 234  10 -5.5 19  18 28  87  17 39  A
 2035 Dec  29 19 31   Sat 
                    1 Sun  Dec  30  17 10  242   21 39   8 240   3 -4.5 10  18 00  50  17 32  C
                    2 Mon  Dec  31  17 10  242   45 39  17 233   9 -5.6 21  18 51 101  17 55  A
 2036 Jan  28 15 17   Mon 
                    0 Mon  Jan  28  17 36  248    2 19   0 249  -1 -3.5  2  17 39   3  17 37  F
                    1 Tues Jan  29  17 37  249   26 20  10 245   4 -4.7 12  18 33  56  18 02  B

